19 366 5 7400 8858 1458
31 372 6 6816 10659 3843
18 369 6 6806 8809 2003
28 390 6 7384 9486 2102
27 385 6 6064 7960 1896
65 368 5 5443 8848 3405
38 357 5 7633 11975 4342
75 349 5 8417 9652 1235
28 364 6 7476 12403 4927
26 365 5 9842 10034 192
14 361 5 6143 9095 2952
42 359 5 7090 10874 3784
19 360 5 5597 10175 4578
48 378 6 5911 8605 2694
68 368 6 5915 10327 4412
29 353 6 8071 8903 832
78 367 5 7174 13215 6041
11 381 5 7895 8687 792
52 371 7 6629 9154 2525
55 379 5 11559 12655 1096
45 370 5 8737 8849 112
25 372 5 6252 12277 6025
13 377 5 7477 11077 3600
81 370 6 6613 8744 2131
32 347 5 5471 9904 4433
53 371 5 6338 7725 1387
49 371 7 6548 8388 1840
22 384 5 8594 9876 1282
55 356 5 11088 12296 1208
50 379 6 7426 8754 1328
23 360 5 7403 9930 2527
48 368 6 5824 7560 1736
21 366 5 6863 10788 3925
37 383 6 7037 10273 3236
18 377 5 7451 10575 3124
47 376 6 5672 8289 2617
14 364 5 6884 9107 2223
67 359 5 12682 13780 1098
30 358 5 6832 10554 3722
18 373 5 7142 8316 1174
24 389 7 6942 8360 1418
18 371 5 7612 13082 5470
42 368 6 8755 9548 793
11 354 6 6406 8107 1701
19 367 6 7181 9082 1901
18 374 6 8903 10433 1530
28 363 5 6178 8335 2157
35 366 4 7395 8448 1053
34 374 6 6875 9929 3054
34 376 5 7676 9295 1619
83 736 6 14380 22261 7881
31 714 5 16160 21857 5697
73 729 5 16342 19157 2815
37 729 6 16972 18822 1850
36 720 6 16405 19446 3041
20 764 5 19837 20482 645
71 739 6 16096 19840 3744
35 720 6 18188 20764 2576
143 737 6 16258 18235 1977
7 712 5 17558 23900 6342
57 742 6 13860 17415 3555
92 731 5 20115 25693 5578
82 745 5 23877 24864 987
118 725 6 19206 22572 3366
31 737 6 14028 24167 10139
41 738 5 16317 18725 2408
117 747 6 13829 18231 4402
28 731 6 17332 19893 2561
29 751 7 16418 20625 4207
9 724 5 17128 26013 8885
93 736 6 15531 19996 4465
65 740 6 16663 21470 4807
84 749 6 15587 17673 2086
48 723 6 19160 22367 3207
73 737 6 17161 23231 6070
32 745 6 17916 20727 2811
101 745 6 13805 27220 13415
91 738 5 16685 25644 8959
94 731 6 20926 21181 255
66 748 5 12402 24933 12531
75 738 5 16863 17479 616
46 770 7 20744 21895 1151
58 741 6 15222 20182 4960
82 749 7 18020 22850 4830
17 719 6 15295 18902 3607
73 737 7 12675 21449 8774
53 736 6 17203 19348 2145
92 721 5 16977 18551 1574
44 732 5 16427 20941 4514
40 729 6 22841 26026 3185
59 718 7 15315 22696 7381
33 728 5 15621 18745 3124
81 739 6 16529 22848 6319
30 755 5 20416 25746 5330
88 720 6 14656 20828 6172
6 752 7 16390 18509 2119
4 741 6 13575 19857 6282
107 708 6 16201 20265 4064
67 712 6 14705 20731 6026
80 724 6 13234 21193 7959
80 1079 6 27348 31821 4473
60 1110 6 26038 28768 2730
45 1093 6 24592 34560 9968
93 1121 6 26760 35503 8743
46 1111 6 22477 28949 6472
93 1100 6 22712 34971 12259
94 1091 6 19621 34186 14565
61 1075 6 23842 32412 8570
34 1123 5 25122 27994 2872
85 1103 6 26017 28325 2308
48 1097 6 36707 39192 2485
156 1119 5 23757 31873 8116
140 1102 5 22936 32918 9982
60 1108 8 23772 27837 4065
24 1108 5 24175 27597 3422
105 1087 7 22404 30009 7605
50 1102 6 32964 39000 6036
67 1120 6 27287 36251 8964
37 1124 7 25296 33699 8403
77 1144 6 26182 33260 7078
53 1063 6 22937 34584 11647
58 1102 6 26456 33875 7419
58 1122 6 22871 27832 4961
31 1120 7 24552 35606 11054
109 1073 6 19098 25981 6883
48 1112 7 28048 38409 10361
75 1096 6 26895 41596 14701
85 1111 6 22450 28868 6418
82 1041 6 25927 35666 9739
105 1089 6 30931 36338 5407
47 1118 6 23913 41731 17818
56 1095 6 27543 32568 5025
105 1103 6 28825 32356 3531
22 1072 6 23428 32770 9342
64 1101 6 34848 37280 2432
32 1124 6 26099 34472 8373
83 1071 6 24131 33129 8998
96 1092 6 24040 44643 20603
115 1092 6 25491 39823 14332
69 1127 6 21222 33094 11872
53 1088 6 23408 27937 4529
52 1107 6 23955 31588 7633
58 1103 8 26172 28439 2267
74 1110 6 24171 40406 16235
73 1057 5 23117 28886 5769
138 1125 6 21907 30418 8511
49 1085 5 26679 34415 7736
34 1069 5 29630 35668 6038
145 1122 6 23483 34844 11361
58 1092 5 24929 31665 6736
166 1493 7 26970 41934 14964
43 1494 7 30158 39103 8945
53 1465 8 45819 46110 291
41 1484 7 34886 47965 13079
112 1514 5 38997 51833 12836
77 1461 5 42260 43654 1394
21 1464 6 33337 44700 11363
49 1467 6 33935 61445 27510
69 1499 6 30416 40772 10356
153 1496 6 52106 57837 5731
112 1471 7 36854 42981 6127
36 1448 6 39083 43309 4226
64 1462 6 35505 43399 7894
49 1471 6 34743 45894 11151
76 1452 7 40934 52294 11360
66 1448 5 30859 52945 22086
40 1452 7 35200 46140 10940
33 1468 9 29229 45231 16002
86 1475 6 42996 50160 7164
85 1485 7 28867 39515 10648
71 1449 7 35988 50607 14619
47 1453 6 29486 35970 6484
171 1421 7 44024 51504 7480
166 1457 7 30198 39299 9101
123 1486 6 34933 44444 9511
80 1497 6 34402 51578 17176
47 1465 7 30819 50550 19731
94 1461 6 30269 41579 11310
78 1444 6 39104 45418 6314
124 1502 7 32410 53452 21042
127 1484 6 34687 44462 9775
113 1470 6 38206 46924 8718
54 1476 8 33459 43970 10511
53 1439 6 40865 44280 3415
94 1506 6 32492 43041 10549
75 1486 6 34138 50033 15895
23 1439 6 36349 49858 13509
93 1481 7 38922 43979 5057
45 1459 6 36305 42451 6146
17 1439 6 27037 54524 27487
53 1473 6 29686 38926 9240
70 1451 6 33057 43721 10664
37 1472 9 33984 38675 4691
150 1468 5 31971 42423 10452
97 1476 8 35553 39621 4068
85 1444 6 30057 47254 17197
133 1455 6 30589 35483 4894
72 1493 7 27818 43175 15357
143 1437 6 39271 50048 10777
126 1499 6 32971 41611 8640
139 1863 6 46569 56831 10262
53 1795 6 43361 61097 17736
164 1831 6 44728 64971 20243
115 1843 6 43613 51655 8042
144 1813 6 38007 56523 18516
45 1829 6 43052 65719 22667
56 1848 8 47054 54544 7490
27 1832 7 50449 61340 10891
38 1820 7 43211 54028 10817
137 1843 6 49225 57737 8512
80 1848 7 46827 55126 8299
55 1802 6 40126 59561 19435
108 1822 8 40507 63234 22727
84 1881 7 51643 68354 16711
47 1856 8 48086 58608 10522
65 1858 6 43902 52592 8690
79 1838 6 46718 57278 10560
106 1834 6 49507 57937 8430
46 1813 7 43580 72473 28893
84 1820 7 53696 54162 466
41 1891 5 42839 64401 21562
74 1824 6 65555 70706 5151
173 1863 6 40122 52264 12142
80 1866 6 42864 58953 16089
75 1864 6 78878 84543 5665
89 1851 6 53240 56247 3007
51 1860 6 52800 61730 8930
82 1865 6 41511 65118 23607
131 1835 7 44477 55273 10796
152 1917 6 44658 72735 28077
19 1882 9 55555 65734 10179
20 1803 5 39661 55109 15448
68 1825 6 40781 50743 9962
152 1835 6 43773 57878 14105
23 1837 6 52882 68220 15338
106 1862 7 46717 50458 3741
161 1861 5 37497 57904 20407
59 1830 7 41236 56905 15669
150 1802 7 46545 54087 7542
91 1841 6 42549 52992 10443
82 1833 8 49963 53200 3237
65 1813 6 41485 65255 23770
113 1830 6 36348 53052 16704
124 1811 6 41338 51000 9662
100 1811 7 44805 45904 1099
210 1856 6 53565 57793 4228
94 1812 6 36004 57615 21611
61 1847 6 39015 55111 16096
75 1832 6 45478 49820 4342
124 1859 8 40392 70108 29716
108 2191 6 79445 79486 41
31 2176 5 49724 68153 18429
111 2228 6 66228 70590 4362
41 2186 6 56244 66548 10304
95 2195 6 63547 74958 11411
157 2198 6 57525 72344 14819
8 2207 6 59382 66164 6782
98 2207 6 49977 77638 27661
128 2207 6 59516 63229 3713
105 2253 6 50862 61626 10764
62 2218 7 52515 71107 18592
114 2243 6 54027 67396 13369
19 2277 8 58786 67618 8832
94 2212 6 44474 65666 21192
106 2239 6 55149 62282 7133
121 2201 6 46804 70367 23563
76 2227 7 49708 59605 9897
131 2237 6 55628 73003 17375
92 2205 7 52548 82077 29529
50 2199 8 57434 72480 15046
201 2174 6 53004 77147 24143
170 2244 7 48496 79091 30595
195 2209 6 56381 77693 21312
89 2218 5 53967 69830 15863
98 2178 7 62570 70603 8033
113 2213 6 52539 59738 7199
68 2172 6 63174 82161 18987
89 2150 6 62224 68090 5866
70 2256 6 61926 69840 7914
106 2254 6 48334 75213 26879
119 2194 7 71275 79908 8633
56 2268 8 51679 70919 19240
67 2183 8 51959 73133 21174
79 2210 7 59828 70927 11099
57 2207 7 66939 69936 2997
75 2180 6 54686 82541 27855
85 2219 6 47265 62263 14998
104 2169 5 69186 82010 12824
47 2170 6 45388 56137 10749
112 2201 7 58851 77378 18527
69 2227 6 55590 66790 11200
81 2188 7 45338 77747 32409
93 2192 5 45496 68349 22853
41 2233 7 64320 64972 652
98 2247 6 58612 64866 6254
140 2191 6 45741 61049 15308
118 2241 6 53752 73903 20151
47 2212 6 48876 59059 10183
50 2228 7 75612 77900 2288
63 2244 8 59108 72705 13597
214 2549 7 56724 78146 21422
83 2600 7 72728 80037 7309
67 2585 6 67499 77710 10211
104 2581 6 57991 72739 14748
17 2565 6 64943 83185 18242
35 2614 7 75454 83776 8322
215 2581 6 57862 82246 24384
20 2589 6 67197 75393 8196
98 2604 6 70407 74923 4516
44 2560 6 86141 98013 11872
25 2541 6 69519 93569 24050
84 2584 7 65332 96822 31490
101 2579 6 73497 92973 19476
102 2572 6 55384 67933 12549
71 2585 6 65835 77468 11633
136 2571 7 79665 89634 9969
77 2580 7 54888 79072 24184
29 2557 6 61492 86313 24821
121 2553 6 70814 87439 16625
29 2632 6 58838 80274 21436
46 2561 8 63015 66149 3134
121 2576 6 59917 71792 11875
102 2585 7 73402 102447 29045
30 2557 6 64071 75902 11831
39 2519 7 79112 87346 8234
107 2579 7 67119 105000 37881
80 2515 6 76491 77881 1390
106 2627 7 70293 94866 24573
62 2617 7 68511 89257 20746
202 2539 6 72593 115969 43376
80 2558 6 72788 79665 6877
103 2581 6 81262 85211 3949
152 2624 6 56493 78021 21528
125 2568 8 84622 94472 9850
64 2572 6 69569 79587 10018
102 2603 6 66337 94782 28445
96 2542 6 75193 107841 32648
324 2538 6 75651 89340 13689
113 2645 7 51917 81849 29932
108 2530 6 63873 84584 20711
125 2546 7 69973 80584 10611
106 2567 7 73704 95928 22224
225 2573 6 67500 81613 14113
199 2627 6 62263 90337 28074
64 2596 6 66354 87202 20848
6 2549 6 57179 71205 14026
108 2520 6 62351 91845 29494
133 2606 6 61984 70946 8962
95 2572 6 56306 89410 33104
105 2528 8 71304 81057 9753
94 2900 7 75864 84230 8366
37 2923 7 66413 104874 38461
164 2974 7 92252 113328 21076
109 2957 6 92324 108131 15807
127 2918 7 92898 114341 21443
253 2937 6 90309 91805 1496
101 2972 6 80256 94039 13783
36 2944 7 69309 83532 14223
183 2922 6 78606 97238 18632
164 2884 8 90989 96643 5654
170 2971 6 79338 99047 19709
129 2972 6 78571 89338 10767
193 2943 6 76507 116132 39625
81 2931 7 83228 85146 1918
106 2956 6 87228 94832 7604
121 2916 6 105546 114425 8879
130 2887 7 79373 88781 9408
100 2951 7 71612 87295 15683
184 2925 6 65416 96355 30939
60 2939 6 70410 102457 32047
89 2916 7 79025 115678 36653
197 2942 6 69233 78341 9108
23 2926 8 73442 102024 28582
103 2972 7 80738 95315 14577
106 2937 7 78767 108408 29641
16 2962 7 77834 85245 7411
93 2974 6 54689 118362 63673
162 2910 6 64186 81847 17661
184 2914 7 79706 91852 12146
157 2964 7 72626 97414 24788
80 2881 6 67474 81652 14178
130 2976 7 62402 94969 32567
86 2941 6 62829 95248 32419
74 2921 7 71151 90879 19728
120 2910 6 74946 100419 25473
97 2962 7 78258 99887 21629
153 2979 7 72763 95326 22563
150 2911 6 84250 87498 3248
132 2987 8 62954 108166 45212
96 2937 8 72423 97193 24770
98 2995 7 77524 93345 15821
79 2947 6 65888 88932 23044
112 2895 7 69231 88244 19013
133 2944 7 77369 108663 31294
57 2925 7 70510 84857 14347
36 2940 7 75458 97736 22278
288 2965 6 72342 91943 19601
109 2992 6 62949 101924 38975
40 2904 6 85197 87362 2165
123 2969 6 96118 112371 16253
48 3338 6 98995 99764 769
165 3295 6 103432 110020 6588
186 3304 7 74700 106460 31760
129 3292 7 94243 116459 22216
146 3308 7 85695 115824 30129
152 3330 6 102155 126950 24795
87 3304 6 86127 98569 12442
123 3341 6 87328 138451 51123
43 3332 6 96720 118314 21594
59 3358 7 97924 117326 19402
149 3251 7 73190 104657 31467
67 3313 7 91624 127403 35779
121 3338 7 77480 105693 28213
28 3310 8 80422 120492 40070
240 3315 6 91158 125073 33915
138 3258 6 87216 117439 30223
114 3339 7 71705 103283 31578
115 3304 7 100010 104642 4632
37 3320 7 81772 104938 23166
136 3271 7 95620 105911 10291
78 3299 6 85635 117363 31728
123 3336 6 68956 109585 40629
166 3286 5 81993 118137 36144
148 3329 6 101303 119776 18473
161 3274 6 72979 101854 28875
80 3343 7 80612 100835 20223
62 3326 6 87475 103383 15908
206 3305 9 74496 98456 23960
113 3305 7 95763 115787 20024
170 3305 7 87866 141092 53226
163 3325 8 80452 112801 32349
118 3339 7 87166 119298 32132
130 3313 7 94433 116088 21655
175 3384 7 72067 105326 33259
211 3242 7 82023 104483 22460
74 3338 6 83237 106128 22891
97 3232 6 84286 110588 26302
140 3257 7 87110 111935 24825
168 3343 7 105518 120455 14937
81 3332 6 90944 126467 35523
144 3320 6 74858 88034 13176
72 3295 6 81495 112258 30763
62 3338 6 77155 104719 27564
75 3311 7 113916 116090 2174
130 3281 7 91038 107034 15996
103 3315 8 71896 109545 37649
140 3298 6 69501 96430 26929
55 3318 6 117317 133101 15784
51 3302 6 76597 99781 23184
35 3292 6 101707 117516 15809
78 3683 6 104989 116289 11300
93 3648 7 124143 125010 867
60 3677 7 79160 126424 47264
90 3705 7 85402 107714 22312
149 3669 7 97059 116883 19824
75 3649 6 114574 119750 5176
114 3611 7 94782 137845 43063
134 3675 7 101114 154835 53721
151 3673 8 83960 105717 21757
140 3687 8 116789 141697 24908
40 3686 6 83973 117979 34006
90 3659 7 74651 114956 40305
72 3648 7 127133 131304 4171
226 3621 6 104531 111926 7395
95 3626 7 92350 115047 22697
154 3708 7 99773 117092 17319
102 3633 6 104679 127101 22422
141 3664 7 113956 125387 11431
105 3706 6 95418 132971 37553
116 3697 7 90892 133117 42225
101 3660 6 106313 128712 22399
241 3706 7 89031 114153 25122
173 3670 7 91771 153160 61389
160 3686 6 94109 121918 27809
60 3651 6 92875 113139 20264
115 3656 6 102354 127441 25087
159 3662 6 107008 117912 10904
217 3666 6 101575 109931 8356
116 3631 7 109271 118513 9242
374 3688 7 90527 109380 18853
75 3650 6 101491 112988 11497
206 3675 7 113340 117027 3687
119 3733 6 99575 111951 12376
137 3678 7 84859 136183 51324
296 3692 8 114007 124590 10583
26 3680 6 104312 149375 45063
159 3663 7 104225 111725 7500
44 3668 6 81127 124368 43241
167 3727 7 102356 121044 18688
181 3613 6 96259 107126 10867
163 3633 6 132935 135619 2684
97 3715 7 91967 115539 23572
93 3676 6 105824 127991 22167
34 3719 6 90837 138178 47341
152 3672 7 91327 118938 27611
90 3762 7 101460 144351 42891
122 3640 7 121134 140207 19073
216 3627 6 71966 118507 46541
100 3711 7 95930 104430 8500
75 3645 6 88681 118216 29535
