540 33284 7 998545 1252249 253704
340 33366 7 900472 1248268 347796
697 33527 7 998264 1204731 206467
428 33338 7 1096997 1356822 259825
427 33432 7 1146461 1372051 225590
915 33442 8 1098276 1317231 218955
236 33422 8 1377259 1499734 122475
619 33631 7 998808 1137240 138432
221 33452 8 1108814 1226921 118107
733 33287 8 1023706 1340024 316318
855 33452 7 1115573 1254646 139073
313 33261 7 964957 1228820 263863
274 33395 9 1126381 1313456 187075
335 33600 8 951548 1201626 250078
413 33398 7 1104552 1265441 160889
335 33284 7 1032796 1398362 365566
348 33550 7 950151 1908632 958481
475 33473 8 1100841 1216157 115316
196 33565 7 928342 1128601 200259
240 33460 7 1052537 1396471 343934
73 33530 8 1117935 1371080 253145
462 33534 10 967559 1349203 381644
211 33406 8 980656 1438776 458120
549 33470 7 1415543 1434025 18482
414 33355 8 1317238 1320613 3375
181 33360 8 1095454 1319691 224237
195 33316 8 1024608 1349927 325319
391 33505 8 1119316 1277420 158104
269 33362 8 945735 1254470 308735
465 33610 7 990256 1409384 419128
391 33447 7 1526042 1587978 61936
96 33452 8 1262602 1381413 118811
337 33453 7 1038011 1395549 357538
230 33436 7 1118546 1272925 154379
187 33551 7 1134848 1315416 180568
361 33464 7 985887 1155041 169154
296 33461 8 1022339 1201121 178782
457 33461 8 1072338 1424226 351888
340 33389 7 1326489 1328003 1514
516 33493 9 1000933 1328809 327876
425 33380 7 1143851 1534531 390680
49 33605 7 1175467 1484668 309201
585 33358 8 1138110 1259773 121663
418 33359 8 1301546 1556690 255144
221 33555 8 955709 1371038 415329
452 33450 8 1129752 1487445 357693
536 33296 8 1292925 1418599 125674
676 33526 7 1015938 1331024 315086
224 33264 8 1072158 1307050 234892
107 33491 7 1279968 1438495 158527
161 33713 7 1270207 1424921 154714
631 33992 7 1082620 1476186 393566
447 34053 8 1113896 1236794 122898
173 33911 7 1125270 1485443 360173
68 33772 8 1026627 1177784 151157
475 33863 8 1036037 1400883 364846
108 33675 7 1253336 1263746 10410
489 33766 7 1029133 1190382 161249
247 33732 7 1080372 1718410 638038
142 33847 8 1106491 1246911 140420
594 33670 7 1173573 1249125 75552
435 33885 7 1136342 1368659 232317
298 33966 8 1230938 1296701 65763
162 33821 7 908407 1161304 252897
691 33995 8 967592 1360578 392986
303 33827 8 976948 1248377 271429
517 33984 7 968467 1329393 360926
571 33725 7 1174562 1328285 153723
424 33919 8 997355 1323243 325888
526 33808 7 1015508 1242438 226930
690 34021 9 1098402 1206686 108284
677 33989 8 1058585 1334908 276323
415 33847 7 994230 1366955 372725
290 33824 8 982823 1262688 279865
573 33960 7 1253009 1547041 294032
614 33765 8 931352 1214532 283180
313 33833 7 1145422 1257694 112272
266 33862 8 1171826 1321357 149531
238 33904 8 1091143 1374675 283532
189 33831 8 1069504 1432870 363366
317 33731 8 1236986 1485499 248513
261 33988 8 1004455 1288027 283572
813 33638 7 969405 1247162 277757
96 33837 7 1414359 1478502 64143
109 33780 7 1084619 1355484 270865
325 33813 7 1064774 1277593 212819
486 33833 7 1082478 1322460 239982
259 33826 10 1024000 1392796 368796
275 34009 8 1088196 1501773 413577
699 33801 8 953238 1144426 191188
241 33959 7 1240071 1506829 266758
139 33860 8 1061062 1336706 275644
402 34034 8 1003236 1332249 329013
640 33970 7 945769 1357106 411337
393 33909 7 1070967 1266703 195736
321 33899 7 1060888 1276400 215512
432 33925 10 1012594 1378739 366145
331 33766 8 1367667 1440174 72507
369 33834 7 1069529 1237308 167779
415 33846 8 992414 1489179 496765
420 34110 8 1098303 1374713 276410
559 34444 8 1007331 1227014 219683
255 34168 8 1235227 1471570 236343
555 34115 8 1062749 1292982 230233
352 34275 7 1255140 1395393 140253
106 34162 7 1172677 1301758 129081
409 34089 7 1223225 1321967 98742
344 34337 8 952495 1255752 303257
380 33996 8 1042778 1205712 162934
441 34253 8 1105370 1459937 354567
80 34307 9 1117289 1381518 264229
495 34231 8 1061052 1351311 290259
211 34278 7 1246483 1346715 100232
236 34176 8 1026569 1683795 657226
344 34189 8 1153376 1306341 152965
352 34167 7 1400530 1430552 30022
687 34271 8 932920 1515241 582321
393 34335 8 1065029 1341057 276028
122 34257 8 1101523 1438509 336986
168 34211 9 892966 1325431 432465
531 34275 7 983465 1299548 316083
298 34258 7 1109867 1246673 136806
269 34194 8 1009526 1241613 232087
255 34161 8 1131955 1266715 134760
198 34219 8 1052830 1409361 356531
90 34202 8 1046011 1266384 220373
448 34230 7 1293174 1295506 2332
166 34130 7 1269620 1337307 67687
386 34278 8 1171613 1549541 377928
434 34197 8 1078735 1278367 199632
226 34104 8 1277342 1331791 54449
346 34136 7 1403597 1457962 54365
258 34238 7 1158456 1491659 333203
631 34381 8 1013140 1216289 203149
268 34346 8 1049217 1244174 194957
436 34157 7 1280996 1344684 63688
455 34366 8 932256 1225767 293511
279 34119 8 1396479 1513284 116805
263 34073 8 1055502 1211890 156388
188 34047 8 1262471 1378685 116214
445 34367 8 1086997 1251924 164927
44 34125 8 1088127 1277566 189439
178 34306 7 1393459 1441138 47679
246 34237 7 1035423 1279074 243651
80 34130 7 1171158 1393899 222741
753 34285 7 944423 1315465 371042
536 34282 9 1142752 1510323 367571
643 34080 8 1021015 1275180 254165
69 34214 8 966504 1518438 551934
296 34179 7 1047823 1280443 232620
384 34630 9 966536 1328559 362023
144 34652 7 1125052 1255160 130108
427 34633 8 1427020 1459220 32200
93 34491 7 973073 1367114 394041
184 34418 8 909636 1425549 515913
505 34528 8 1184911 1361388 176477
385 34553 8 931114 1353080 421966
223 34651 8 1067562 1342991 275429
910 34804 10 1068177 1452992 384815
478 34489 7 1100551 1282787 182236
280 34570 7 1127069 1428991 301922
503 34520 9 1003385 1613477 610092
878 34526 8 984869 1238042 253173
326 34802 7 1095528 1337311 241783
254 34692 8 1168031 1639519 471488
826 34800 8 1237799 1505430 267631
269 34803 8 1130547 1556786 426239
202 34749 9 1023346 1598387 575041
443 34727 9 961939 1282518 320579
286 34526 8 1067831 1406413 338582
350 34707 7 1295911 1348098 52187
450 34573 7 1113282 1227043 113761
52 34633 7 1155187 1254744 99557
480 34597 7 1232535 1359228 126693
346 34627 8 1161799 1285916 124117
149 34588 7 1151765 1262330 110565
401 34438 9 1168659 1371661 203002
116 34654 8 1029857 1326739 296882
392 34779 8 1334763 1418805 84042
588 34595 7 1200388 1249556 49168
410 34520 7 1183503 1460519 277016
212 34596 7 1083722 1337544 253822
275 34603 8 1198423 1418028 219605
781 34468 8 1143727 1338737 195010
79 34482 7 1025813 1477395 451582
327 34640 7 1037443 1644722 607279
725 34496 8 1040505 1317197 276692
348 34496 8 1135489 1401125 265636
316 34723 8 1054726 1153557 98831
439 34630 8 1199341 1439329 239988
303 34640 7 1091513 1295400 203887
614 34538 7 1163241 1266505 103264
203 34605 8 978209 1299535 321326
151 34593 8 1101038 1232130 131092
579 34601 7 1127628 1324594 196966
417 34591 7 1225159 1392421 167262
585 34548 8 1274763 1324765 50002
478 34574 8 1060462 1370442 309980
90 34565 7 996928 1387311 390383
20 34585 8 1190988 1320506 129518
344 34878 7 1059467 1362983 303516
81 35000 8 1462095 1544105 82010
460 34937 8 1167927 1338849 170922
587 34894 7 1289583 1304174 14591
145 35005 8 1173767 1400767 227000
75 35121 8 1189622 1232801 43179
208 35038 7 1046402 1247097 200695
265 34867 7 906014 1277470 371456
337 34900 8 1133857 1432304 298447
211 34811 8 1170417 1324259 153842
282 34916 8 1106281 1818500 712219
264 34829 8 1187121 1360817 173696
593 34888 9 1049067 1290066 240999
346 34884 7 1280031 1401952 121921
231 35015 7 1079871 1303797 223926
297 35008 8 1010613 1430327 419714
647 35032 7 1012847 1385791 372944
124 34982 8 1024294 1643799 619505
454 34946 8 999887 1550040 550153
827 35005 7 1038845 1436935 398090
284 34915 8 995760 1440091 444331
217 35093 9 1110386 1540065 429679
161 34907 8 1055695 1374929 319234
308 35092 8 948881 1319591 370710
238 34957 8 1022362 1643768 621406
405 34834 8 1151302 1532668 381366
401 35077 8 1553052 1779697 226645
519 35078 7 1042994 1453786 410792
416 35001 8 999144 1699960 700816
309 34986 7 1304990 1504891 199901
426 34931 7 1104014 1399093 295079
77 34839 8 1088289 1310871 222582
193 34946 8 1319237 1501045 181808
83 34848 8 1071506 1480508 409002
111 35021 8 1128438 1360699 232261
376 34867 8 1061682 1731252 669570
454 34774 8 1048515 1389146 340631
75 34704 8 1120161 1318397 198236
354 35015 8 1108590 1306768 198178
77 34849 8 1113094 1476098 363004
310 35008 8 976636 1342433 365797
312 35124 8 1084825 1808873 724048
451 34931 8 1031446 1457790 426344
100 34860 8 1021101 1435817 414716
322 34947 8 1109025 1409560 300535
274 34851 8 1303017 1303338 321
530 34769 8 1084397 1444912 360515
405 34830 8 1134982 1608172 473190
242 34871 7 1001676 1237325 235649
439 35020 7 1405068 1540264 135196
485 35453 8 1058041 1722733 664692
511 35202 7 1185378 1460502 275124
377 35296 7 1282001 1492576 210575
107 35352 7 1266221 1270610 4389
343 35376 8 1152662 1350169 197507
517 35200 8 1166742 1260159 93417
146 35252 7 1052788 1208344 155556
366 35118 8 1060593 1456102 395509
136 35441 8 1144982 1327198 182216
256 35268 7 1225235 1310967 85732
833 35292 9 1131381 1378157 246776
758 35301 8 1006310 1450301 443991
408 35215 8 1060121 1471202 411081
472 35368 7 1202298 1416507 214209
166 35285 7 1261925 1446755 184830
213 35424 7 1284102 1379559 95457
449 35252 7 1230833 1277083 46250
683 35137 8 1099142 1367639 268497
422 35484 9 1347322 1369354 22032
787 35188 7 1067692 1347350 279658
480 35459 8 1139796 1335808 196012
646 35129 7 1191205 1666683 475478
461 35047 7 1065105 1699171 634066
371 35309 7 1209795 1286927 77132
85 35477 7 1231740 1768169 536429
513 35351 7 1111741 1427816 316075
412 35230 8 1178776 1270888 92112
250 35302 8 1063214 1258267 195053
459 35304 8 1198135 1419569 221434
225 35349 8 1083977 1375883 291906
739 35312 8 1115605 1511830 396225
594 35300 8 1138882 1371394 232512
375 35307 8 1393356 1419548 26192
338 35455 7 963605 1261430 297825
510 35340 7 1560176 1631257 71081
182 35328 7 1134710 1408034 273324
182 35272 8 1173356 1341464 168108
219 35144 8 1191896 1530095 338199
534 35426 7 1378692 1409575 30883
683 35266 7 1169393 1274893 105500
176 35383 8 1368719 1506129 137410
453 35314 8 1094018 1495870 401852
688 35465 7 1202933 1247722 44789
394 35341 8 1409476 1504902 95426
419 35206 8 1135475 1842609 707134
333 35420 8 1072810 1347080 274270
381 35306 8 1015721 1309267 293546
683 35262 7 1014220 1348376 334156
890 35271 8 1250211 1289867 39656
570 35345 8 1145174 1495100 349926
1033 35477 7 1199387 1303812 104425
300 35865 7 1166820 1362537 195717
459 35485 7 1141288 1258246 116958
663 35602 8 1145011 1581377 436366
145 35839 8 1159499 1461824 302325
301 35656 8 1319955 1697160 377205
545 35730 7 1495911 1727496 231585
163 35527 8 1083162 1372294 289132
385 35811 8 1069597 1453456 383859
350 35667 7 1080267 1461893 381626
653 35554 7 1609494 1640801 31307
493 35819 8 1081286 1278426 197140
200 35753 9 1136325 1348388 212063
710 35439 9 969380 1616064 646684
775 35814 8 1197084 1482998 285914
386 35570 8 1280082 1473073 192991
332 35718 8 1261287 1281097 19810
281 35654 7 1226848 1427826 200978
456 35875 8 1146205 1320026 173821
63 35762 8 1032729 1293279 260550
90 35579 8 1180526 1274510 93984
286 35584 9 1178656 1334497 155841
736 35715 9 1059261 1350055 290794
369 35587 7 1056556 1323085 266529
281 35561 8 1101874 1659947 558073
395 35873 8 1228406 1287088 58682
793 35660 8 1006379 1835216 828837
500 35620 8 1131017 1348670 217653
254 35748 9 1364915 1505875 140960
461 35628 8 1174541 1630860 456319
345 35709 7 1173404 1454527 281123
177 35701 8 1064322 1300363 236041
269 35737 7 1129280 1488303 359023
650 35626 7 1216174 1658316 442142
374 35795 8 1105928 1577632 471704
502 35663 7 1059732 1476249 416517
463 35623 7 1084688 1467590 382902
631 35648 7 1443440 1581115 137675
299 35509 9 1114572 1421586 307014
432 35537 8 1077121 1411599 334478
622 35903 8 1076641 1405603 328962
261 35616 8 1162640 1271188 108548
787 35647 7 1349126 1468048 118922
626 35678 9 1220428 1528152 307724
661 35486 8 1090824 1566604 475780
136 35626 8 1482442 1598063 115621
550 35688 8 1199462 1376095 176633
319 35775 7 968466 1347954 379488
641 35678 9 1119384 1320976 201592
276 35645 7 1045767 1407652 361885
331 35942 8 1499503 1569775 70272
231 36168 7 1086221 1238953 152732
531 36014 7 1135353 1445044 309691
407 36126 8 1212391 1289922 77531
244 35997 8 1194633 1373119 178486
326 36264 9 1139726 1481882 342156
114 35859 7 1184674 1459067 274393
445 35989 8 1585311 1643254 57943
458 35968 9 1080985 1349233 268248
293 35958 7 1294641 1384486 89845
887 36262 7 1106513 1515667 409154
157 36029 7 1200496 1226824 26328
370 36125 8 1246057 1658708 412651
300 35978 8 1114057 1525615 411558
570 36180 8 1163610 1446286 282676
237 35902 9 1067708 1371955 304247
377 36020 7 1060888 1746823 685935
430 36181 8 1263259 1499808 236549
126 36010 8 1149318 1829268 679950
645 36230 9 1082157 1408359 326202
332 36034 7 1304454 1758035 453581
430 36035 7 1191445 1383397 191952
190 36013 8 1096122 1328511 232389
605 35986 7 1459495 1588940 129445
322 36046 8 1370586 1609633 239047
269 35973 7 1299938 1346815 46877
925 36114 8 1089913 1326316 236403
149 35859 8 1118990 1340432 221442
266 36083 8 1044728 1425911 381183
576 36109 7 1185486 1306527 121041
542 36163 9 1296942 1348156 51214
504 35945 8 1086910 1479499 392589
520 36120 8 1537262 1588199 50937
256 36161 8 1180724 1452134 271410
606 36056 8 1040253 1428483 388230
716 35901 8 1146059 1334665 188606
260 36196 7 1199879 1382867 182988
718 35845 8 999704 1414781 415077
374 36038 10 1062410 1382079 319669
263 36083 9 1280987 1458519 177532
360 36070 8 1337579 1380351 42772
494 36127 7 1220661 1470448 249787
539 36115 7 1408663 1522604 113941
106 36142 8 1166981 1335399 168418
312 36150 8 1067908 1566676 498768
283 36161 7 1129461 1420111 290650
310 36048 8 1375117 1532594 157477
148 36012 9 1071488 1306110 234622
740 36021 8 1222332 1470943 248611
292 35949 8 1334500 1644475 309975
378 36339 7 1226058 1525070 299012
503 36436 7 1235251 1475474 240223
554 36571 8 1101589 1601055 499466
728 36481 7 1278624 1609990 331366
572 36487 9 1190747 1412540 221793
897 36498 8 1183398 1403036 219638
389 36177 8 1228865 1500196 271331
659 36327 9 1265428 1341374 75946
345 36446 7 981364 1308155 326791
264 36352 8 1288778 1396755 107977
232 36406 8 1222466 1418772 196306
752 36333 8 1500230 1943647 443417
413 36658 8 1277191 1403573 126382
520 36445 8 1086855 1364288 277433
328 36600 8 1098571 1341722 243151
521 36307 8 1374358 1579170 204812
159 36220 7 1171263 1870382 699119
156 36641 8 1277845 1682309 404464
488 36568 8 1164160 1387416 223256
611 36388 8 1466613 1616728 150115
227 36410 8 1265152 1388184 123032
177 36462 7 1108532 1483099 374567
336 36418 8 1041200 1461143 419943
158 36448 9 1472598 1473488 890
281 36442 8 1157923 1395476 237553
241 36498 8 974701 1357801 383100
208 36336 8 1102563 1459707 357144
318 36496 8 1247070 1290086 43016
171 36252 7 1235518 1373869 138351
454 36233 7 1233339 1647667 414328
339 36378 8 1114441 1399093 284652
199 36320 7 1173163 1754974 581811
169 36480 8 1251522 1659888 408366
521 36270 8 1332630 1718818 386188
201 36483 7 1187474 1445060 257586
241 36263 8 1087764 1664272 576508
254 36377 8 1171582 1533004 361422
1028 36509 7 1010178 1249608 239430
473 36565 8 1146789 1535406 388617
836 36465 7 1205257 1408956 203699
270 36569 8 1099899 1332090 232191
311 36458 8 1240835 1443720 202885
253 36686 9 1036970 1423290 386320
436 36491 7 1110360 1449008 338648
853 36325 8 1056579 1555306 498727
320 36408 8 1281574 1864319 582745
835 36479 8 1168498 1374680 206182
221 36374 8 1151478 1367701 216223
325 36427 7 1058876 1471683 412807
278 36424 9 1105963 1352904 246941
373 36751 8 1220115 1303566 83451
663 36673 8 1387098 1433557 46459
248 36873 7 1139546 1467549 328003
145 36831 8 1256411 1358679 102268
708 36811 8 1410043 1497880 87837
641 36789 8 1068916 1342021 273105
287 36814 8 1220490 1531442 310952
262 36814 8 1087937 1418297 330360
591 36803 8 1121183 1352209 231026
87 36925 8 1295834 1562103 266269
421 36703 8 1258868 1411084 152216
50 36809 9 1202016 1618770 416754
655 36733 9 1259135 1424029 164894
430 36611 8 1291977 1708644 416667
221 36779 8 1263992 1414968 150976
351 36685 8 1260582 1433422 172840
638 36734 9 1163720 1375705 211985
566 36668 8 1281802 1392178 110376
91 36676 8 1244023 1461653 217630
192 36783 8 1046997 2180602 1133605
330 36681 7 1200789 1308392 107603
324 36856 7 1212261 1614112 401851
405 36803 10 1195962 1692997 497035
474 36658 8 1075107 1341723 266616
774 36749 7 1211331 1418778 207447
551 36783 8 1154951 1308877 153926
250 36701 9 1200046 1419712 219666
303 36779 9 1077294 1700627 623333
238 36659 7 1496053 1497409 1356
155 36606 8 1393486 1508282 114796
179 36822 7 1093898 1438743 344845
688 36915 7 1164266 1460415 296149
216 36477 8 1362844 1609253 246409
488 36692 9 1403180 1537302 134122
678 36734 9 1218397 1686953 468556
152 36725 8 1037761 1557853 520092
183 36740 8 1174912 1406284 231372
76 36633 8 1278848 1374684 95836
674 36805 8 1245524 1509696 264172
747 36715 8 1215491 1767060 551569
701 36831 7 1210672 1402235 191563
400 36898 9 1113354 1538955 425601
817 36830 8 1159156 1454437 295281
399 36944 8 1205881 1395482 189601
129 36898 8 1310976 1390142 79166
1128 36794 7 1168107 1392945 224838
77 36810 7 1141235 1486228 344993
456 36500 7 1093076 1275170 182094
330 36802 8 1344297 1593472 249175
320 36695 7 1254130 1710654 456524
