140 22473 8 638187 750074 111887
434 22414 8 824744 861167 36423
188 22458 7 787620 829102 41482
539 22470 7 628465 789916 161451
167 22508 7 630086 798117 168031
209 22365 7 714589 1028091 313502
265 22550 7 807258 879435 72177
127 22351 8 633059 847724 214665
627 22346 7 847704 857254 9550
270 22469 7 677933 844611 166678
145 22410 8 805699 905064 99365
52 22403 8 640259 810330 170071
510 22382 8 718836 926892 208056
214 22504 7 604671 779032 174361
122 22413 8 608137 768250 160113
452 22489 7 759191 797441 38250
304 22620 8 632622 998493 365871
348 22484 8 650064 913656 263592
457 22447 8 664228 776400 112172
229 22357 8 626235 863603 237368
116 22355 7 754314 936630 182316
147 22505 8 761364 777967 16603
197 22515 8 704101 851375 147274
419 22442 7 803076 1009465 206389
554 22459 7 790039 866167 76128
644 22572 8 699501 960619 261118
260 22431 7 770982 892412 121430
295 22473 7 680048 804656 124608
267 22388 9 599396 819570 220174
101 22368 8 949747 1084247 134500
174 22472 8 697940 873700 175760
447 22427 7 957304 1012292 54988
301 22378 8 617461 977266 359805
233 22460 8 674381 811435 137054
204 22469 7 658434 767569 109135
175 22434 9 693489 868396 174907
72 22462 7 670200 885994 215794
387 22447 8 743502 851693 108191
146 22449 10 761445 781364 19919
58 22419 7 713659 879446 165787
331 22357 7 745182 898919 153737
638 22513 8 633925 779866 145941
335 22530 8 659404 894822 235418
200 22494 7 608887 947098 338211
299 22447 7 675033 831995 156962
520 22406 9 679990 900869 220879
212 22517 7 654039 857700 203661
308 22362 7 727808 880197 152389
165 22540 8 745597 967934 222337
815 22321 8 664535 780894 116359
611 22775 7 750288 941470 191182
490 22936 8 625186 811403 186217
433 22874 7 767124 845997 78873
196 22745 9 858642 912843 54201
344 22744 8 713179 896388 183209
607 22874 8 666314 759140 92826
244 22699 8 665266 943852 278586
296 22837 7 688308 844736 156428
632 22805 8 703688 863852 160164
623 22831 7 757209 1099545 342336
358 22780 9 601095 750113 149018
800 22870 9 681802 941806 260004
198 22766 8 666370 978130 311760
499 22963 8 650237 1141241 491004
596 22804 7 683132 807870 124738
293 22835 7 644591 803733 159142
382 22832 7 697887 798549 100662
260 22820 8 706678 984040 277362
221 22689 7 749293 784769 35476
145 22908 7 701652 934668 233016
308 22814 8 630249 901629 271380
123 22737 9 787338 873487 86149
85 22747 8 664982 969782 304800
245 22749 8 749649 798916 49267
352 22903 8 655509 832236 176727
357 22813 7 676951 802464 125513
258 22852 7 742014 812218 70204
368 22865 9 887149 935202 48053
285 22763 8 741357 851734 110377
395 22853 7 597263 753511 156248
321 22656 7 646478 877893 231415
510 22788 7 774242 930737 156495
492 22733 7 718514 982156 263642
608 22586 8 840415 993043 152628
409 22736 7 661563 952014 290451
526 22757 7 738037 798834 60797
290 22879 9 741755 945104 203349
280 22870 9 748715 939534 190819
143 22899 8 738617 953150 214533
447 22733 7 611542 906473 294931
412 22726 8 650885 840205 189320
113 22787 8 719903 866721 146818
307 22848 8 696059 943074 247015
271 22781 7 638637 880542 241905
419 22978 8 1043086 1071792 28706
110 22944 7 737377 975324 237947
222 22926 7 938342 983245 44903
451 22923 7 865293 896003 30710
542 22699 7 710082 821206 111124
347 22778 8 735750 817271 81521
110 23209 7 782242 877300 95058
371 23257 7 671323 919672 248349
184 23334 8 756228 804078 47850
112 23155 8 630666 846988 216322
360 23137 8 656903 781207 124304
292 23386 9 649950 935005 285055
261 23183 7 772636 834404 61768
143 23226 7 849520 892876 43356
410 23228 7 757027 835958 78931
430 23120 8 715558 952068 236510
161 23199 7 839017 991820 152803
131 23205 8 729729 898620 168891
531 23207 7 746578 824648 78070
98 23156 8 801421 1008093 206672
124 23217 7 865095 932629 67534
326 23123 7 624537 938549 314012
303 23192 7 664240 971551 307311
271 23257 8 685253 811890 126637
46 23290 7 756640 829330 72690
301 23087 8 755333 802888 47555
364 23136 7 770359 803483 33124
129 23263 8 822206 924670 102464
172 23254 7 665794 1022829 357035
429 23155 9 717229 901399 184170
154 23144 8 993737 1311969 318232
296 23221 7 829820 903843 74023
48 23157 7 735935 865470 129535
79 23128 8 657481 812470 154989
329 23101 8 742316 785074 42758
460 23055 8 742706 1136073 393367
247 23369 8 824803 854803 30000
247 23035 7 942262 1026139 83877
193 23143 8 657515 1010543 353028
122 23077 7 804216 852687 48471
519 23047 8 681031 761972 80941
160 23317 7 691795 824066 132271
267 23129 8 702216 872045 169829
239 23270 7 651365 1088988 437623
262 23144 7 791630 957785 166155
232 23148 7 690388 914391 224003
494 23167 8 700470 904028 203558
175 23285 7 733561 982010 248449
301 23251 8 780069 903966 123897
197 23334 8 688382 762801 74419
427 23176 8 847405 958391 110986
101 23193 8 743282 1113941 370659
352 23145 8 758861 823088 64227
217 23103 7 821638 933451 111813
291 23163 7 719118 876076 156958
495 23280 7 718363 852726 134363
535 23342 8 706921 1074284 367363
204 23695 8 828438 1083789 255351
141 23767 8 630528 849305 218777
78 23576 7 893586 1054901 161315
380 23632 7 694067 905325 211258
124 23500 7 654686 840484 185798
79 23507 7 740363 895239 154876
175 23566 8 656935 1040423 383488
389 23596 10 734668 859904 125236
185 23587 8 718287 982419 264132
58 23362 8 796285 938811 142526
260 23407 7 824413 861944 37531
349 23527 7 662906 883818 220912
461 23584 8 727908 1182983 455075
108 23491 7 743514 909015 165501
43 23554 8 796982 956478 159496
437 23493 7 724873 981920 257047
271 23420 8 703149 1077683 374534
225 23523 8 715675 908631 192956
121 23467 9 653772 789054 135282
220 23499 7 823165 982123 158958
99 23577 7 714794 886876 172082
704 23457 8 731410 957829 226419
72 23569 6 673975 877393 203418
132 23542 8 846860 903480 56620
355 23452 7 714533 889967 175434
189 23370 7 725045 812842 87797
375 23599 7 729259 877170 147911
394 23619 8 788873 886800 97927
276 23642 8 824980 883937 58957
215 23485 8 775085 871457 96372
370 23680 8 741816 902051 160235
646 23458 7 686681 799991 113310
201 23425 9 686926 988456 301530
38 23557 7 674523 898081 223558
227 23625 7 745453 1274830 529377
61 23678 7 834702 1029608 194906
141 23647 7 757308 856580 99272
225 23544 7 639309 833991 194682
262 23476 8 842028 913971 71943
393 23564 7 739888 966158 226270
447 23354 7 753477 899090 145613
582 23530 7 679238 1019478 340240
902 23495 8 747364 1126970 379606
177 23497 9 616028 853711 237683
96 23503 7 945406 1056178 110772
210 23622 7 727510 953567 226057
586 23562 8 673367 931836 258469
130 23579 7 772927 849737 76810
287 23668 8 734847 813615 78768
22 23905 7 826422 1025570 199148
391 23912 8 790609 946864 156255
286 23908 7 889567 1027590 138023
241 23953 8 963983 1004803 40820
456 23837 7 861858 1030475 168617
398 23867 7 790848 1002499 211651
384 23932 7 830071 888661 58590
198 23950 7 598338 948223 349885
161 23854 7 711604 883836 172232
248 23992 7 956586 995180 38594
469 23838 8 1076233 1077328 1095
495 23912 7 656614 867609 210995
326 23868 7 783671 813472 29801
158 23857 7 691162 914060 222898
69 23985 7 692094 945616 253522
147 23914 7 666657 1005671 339014
258 23970 7 640553 948841 308288
499 24060 7 811227 1004135 192908
299 23874 8 776767 957426 180659
178 23828 7 748160 884204 136044
149 23983 8 709745 1001359 291614
225 23948 7 737980 1068046 330066
250 24077 8 661500 904534 243034
294 24031 8 706172 812769 106597
481 23912 8 695186 868406 173220
161 23866 8 714417 1061394 346977
253 23959 8 760636 1244303 483667
374 23990 8 672905 1022502 349597
365 23972 7 779975 916779 136804
455 23661 8 713667 797497 83830
553 23941 7 705198 929173 223975
843 24001 8 657732 815623 157891
152 23817 7 753244 906649 153405
274 23971 8 679259 889316 210057
80 23849 8 729644 1024774 295130
171 23863 8 755496 998024 242528
653 23948 8 714827 908689 193862
650 23903 7 833808 882430 48622
86 23945 7 830939 985408 154469
393 23926 8 743996 958799 214803
379 23857 7 672304 917287 244983
370 23804 7 722590 824102 101512
302 23878 8 619473 846289 226816
173 23836 7 844266 1105525 261259
317 24026 8 752954 1024865 271911
371 23919 9 746550 906349 159799
399 23925 7 660704 976292 315588
266 23949 9 693870 939392 245522
216 23989 7 698379 1004889 306510
319 23845 7 802516 975361 172845
34 24256 7 692049 1028614 336565
391 24321 7 776915 1015619 238704
467 24332 8 721796 833756 111960
213 24362 9 763686 858797 95111
163 24356 8 653432 835087 181655
408 24344 8 789082 967974 178892
551 24392 8 786970 989631 202661
543 24236 7 716267 967380 251113
122 24266 7 881729 1047386 165657
234 24377 7 825402 1007077 181675
374 24257 7 834615 876158 41543
482 24259 8 934772 997859 63087
302 24265 7 732004 1070467 338463
517 24343 9 826448 855418 28970
434 24265 7 766830 878670 111840
65 24439 7 659745 846239 186494
171 24296 7 689080 1038255 349175
271 24376 7 745992 989521 243529
377 24291 8 615286 844272 228986
112 24276 7 837668 851473 13805
267 24388 7 742119 995213 253094
198 24347 7 774100 982966 208866
451 24276 9 723056 928464 205408
447 24231 8 909530 933948 24418
151 24451 8 696020 966114 270094
264 24347 8 719246 884881 165635
62 24318 7 821069 873273 52204
617 24448 8 783863 1042618 258755
123 24282 7 821385 911741 90356
345 24207 7 730346 859212 128866
633 24313 7 692425 1013418 320993
103 24290 8 686765 815942 129177
547 24340 8 781524 955405 173881
264 24360 7 735258 856440 121182
310 24289 7 736298 923655 187357
148 24203 8 724648 867514 142866
424 24488 8 706951 987550 280599
477 24223 8 790186 937485 147299
163 24455 8 863336 958689 95353
470 24250 7 899182 948832 49650
327 24344 7 809972 939832 129860
295 24258 7 830827 882310 51483
124 24365 7 717105 895773 178668
203 24151 8 805827 844504 38677
392 24208 8 844661 1009348 164687
317 24269 8 696528 888063 191535
36 24208 7 882909 962179 79270
524 24204 7 867220 1124641 257421
165 24241 8 758335 943995 185660
238 24251 7 767902 1087544 319642
190 24673 8 768604 903793 135189
240 24669 8 629739 1012615 382876
324 24567 8 837187 848446 11259
409 24638 8 819722 879189 59467
195 24653 7 770772 1234076 463304
443 24668 7 766415 1001738 235323
225 24686 7 711601 1052810 341209
301 24778 7 782061 1024549 242488
99 24638 7 830619 1031852 201233
475 24670 8 760856 925803 164947
225 24652 8 796635 1020219 223584
218 24544 7 904532 1001679 97147
183 24716 8 837086 874492 37406
469 24733 8 870551 1007473 136922
205 24643 7 859369 1162738 303369
420 24554 7 693244 912315 219071
144 24723 7 815623 978830 163207
180 24671 8 661994 973394 311400
606 24667 7 653892 802209 148317
190 24672 8 787069 906587 119518
468 24781 7 850985 906268 55283
516 24553 7 740230 1062919 322689
210 24805 8 764086 897835 133749
42 24673 7 755973 920496 164523
133 24730 8 799468 993345 193877
228 24681 8 728173 1020444 292271
576 24681 8 733300 993892 260592
557 24448 8 920216 932934 12718
275 24755 9 774154 891609 117455
338 24576 7 735212 934024 198812
248 24659 7 727332 1025471 298139
558 24497 8 767754 1203479 435725
317 24752 7 801391 1075188 273797
86 24916 8 737747 855656 117909
579 24613 8 816504 950928 134424
164 24527 7 723059 899234 176175
342 24722 8 759334 822075 62741
233 24771 7 780508 951914 171406
201 24787 8 694088 858029 163941
27 24480 9 921115 1205959 284844
182 24741 8 739612 946842 207230
225 24836 8 705131 901826 196695
232 24661 8 675768 815479 139711
339 24665 7 726469 864157 137688
552 24666 9 747302 905997 158695
288 24708 8 706966 949826 242860
457 24526 8 800380 894574 94194
160 24610 7 773613 1030489 256876
277 24580 7 761402 934318 172916
404 24616 9 731919 907191 175272
419 25098 7 694056 1115275 421219
318 24946 7 762508 996027 233519
393 25103 8 753372 967272 213900
323 25067 7 898536 984825 86289
515 24934 7 756549 960702 204153
390 24962 8 774166 970181 196015
205 24998 7 697648 1001026 303378
286 24943 7 1157430 1192005 34575
402 24973 7 833860 950033 116173
256 24907 7 895129 974972 79843
802 25024 7 717376 774246 56870
284 25018 7 849259 1006523 157264
280 24962 8 679123 897986 218863
731 25075 8 866184 1219001 352817
233 25139 8 842753 926826 84073
190 25139 8 826985 918604 91619
216 24943 8 693254 901412 208158
294 24937 7 827304 1100559 273255
219 25135 8 758160 879359 121199
266 24851 9 815502 963762 148260
285 25039 7 806370 1011978 205608
409 24959 7 713443 926782 213339
281 24915 9 671467 946336 274869
743 24944 8 748374 881623 133249
611 24925 8 745133 866146 121013
236 24951 7 797844 884788 86944
253 24995 7 851843 901093 49250
453 25165 8 679052 856080 177028
528 25000 8 823859 905789 81930
145 24870 7 957273 964172 6899
411 24820 7 688387 925904 237517
415 25132 7 853574 982526 128952
69 25026 7 910869 943153 32284
212 24912 7 885757 937801 52044
122 24846 7 848009 1056576 208567
607 25065 7 713130 851301 138171
649 24996 7 900060 961586 61526
302 25043 8 812453 956649 144196
175 24995 8 839533 937145 97612
139 25038 7 745594 985910 240316
119 25014 9 922096 988697 66601
321 25029 8 786563 877123 90560
361 24923 8 864708 1056781 192073
323 25130 7 861200 1184028 322828
146 24926 7 701255 900382 199127
359 25025 7 759577 1047580 288003
193 25048 9 813092 958632 145540
231 25040 8 779645 1056515 276870
276 24970 7 858964 1138689 279725
677 25069 8 772782 1083566 310784
266 25375 7 882503 938622 56119
250 25257 7 715525 920978 205453
366 25395 7 803427 1354359 550932
132 25425 7 777761 959440 181679
454 25445 7 706101 1026701 320600
261 25347 7 776254 1183262 407008
311 25504 9 739410 1079915 340505
423 25347 8 842387 1053105 210718
256 25426 8 851628 1002344 150716
111 25268 7 830051 976358 146307
498 25275 7 891108 1214372 323264
114 25392 8 794430 1336702 542272
923 25475 8 930585 999497 68912
403 25282 8 791563 1018850 227287
161 25294 8 1100297 1130608 30311
416 25178 7 742730 974044 231314
201 25410 6 790591 1114650 324059
89 25559 9 837059 1009535 172476
644 25437 8 915102 982002 66900
644 25313 8 849756 1006090 156334
257 25309 7 774122 964645 190523
388 25462 9 1041004 1206429 165425
214 25342 8 803840 931801 127961
386 25439 8 968795 1047375 78580
378 25387 7 772231 1033213 260982
146 25497 7 851870 1035472 183602
296 25543 8 729154 879784 150630
280 25373 7 720014 948589 228575
96 25428 8 741065 932508 191443
162 25437 7 769505 1063777 294272
740 25450 9 739144 981265 242121
374 25410 8 711422 1068256 356834
426 25464 8 896025 1027361 131336
384 25309 8 793088 1099505 306417
205 25545 7 751054 1097752 346698
216 25282 8 713638 937866 224228
296 25444 7 681644 964358 282714
418 25445 7 844389 1142525 298136
376 25543 7 836546 976459 139913
152 25365 8 737341 969596 232255
228 25359 8 871458 1007856 136398
142 25500 8 716196 947235 231039
446 25346 7 888432 949553 61121
405 25357 9 805019 966432 161413
405 25402 7 907155 1020083 112928
459 25339 8 794595 1015981 221386
175 25332 7 988592 1072442 83850
465 25494 7 654654 1046125 391471
310 25330 7 891729 1018223 126494
541 25333 8 782845 892382 109537
287 25715 7 990582 1327638 337056
444 25691 8 738167 916458 178291
523 25766 8 798659 932113 133454
237 25678 8 880588 1013687 133099
454 25749 9 746725 889467 142742
477 25736 7 824125 887868 63743
400 25816 8 708519 1057960 349441
327 25782 8 919306 969294 49988
79 25816 8 1001645 1158893 157248
125 25722 7 804314 992542 188228
533 25689 8 903214 965382 62168
687 25768 8 884042 908062 24020
727 25625 10 816997 990500 173503
79 25737 8 822857 1180322 357465
452 25885 7 938182 1041819 103637
396 25797 7 795677 1076797 281120
501 25862 9 838639 1016055 177416
749 25791 7 744269 1119318 375049
180 25603 8 871088 921039 49951
563 25629 7 741938 1050625 308687
198 25696 8 952709 1120681 167972
569 25719 8 798182 984893 186711
143 25834 7 837449 1041733 204284
35 25683 9 700952 1103548 402596
175 25849 8 719762 978391 258629
517 25722 7 676092 1099587 423495
277 25756 7 992459 999199 6740
163 25672 7 867137 926597 59460
302 25822 7 887568 961986 74418
465 25728 7 903467 1017611 114144
471 25881 8 884921 967060 82139
432 25771 8 814077 936105 122028
427 25835 8 955876 1001482 45606
65 25620 7 781515 960257 178742
530 25794 7 966051 1028255 62204
158 25699 7 752038 910101 158063
393 25791 7 816621 1007471 190850
434 25779 7 749382 889648 140266
335 25731 8 761336 1002770 241434
326 25825 7 783820 1051111 267291
384 25799 7 826594 1072956 246362
129 25663 9 723267 970475 247208
156 25865 7 801873 1028663 226790
479 25643 7 852379 1113281 260902
168 25755 8 894786 1134079 239293
183 25763 8 941082 1215185 274103
251 25925 8 750235 1094174 343939
285 25785 9 683101 897709 214608
518 25830 9 775736 1031181 255445
381 25821 7 988724 1209003 220279
