244 11475 8 323872 384943 61071
119 11438 7 356179 378293 22114
448 11430 7 352663 420272 67609
260 11336 8 355175 447202 92027
380 11393 7 326499 439652 113153
340 11373 7 323942 360804 36862
428 11428 7 273966 455516 181550
325 11417 7 332559 393749 61190
297 11382 8 360713 421176 60463
170 11339 7 308476 485677 177201
151 11432 8 329452 395109 65657
204 11359 6 361759 456651 94892
172 11431 8 316095 429394 113299
287 11486 6 286340 356243 69903
114 11365 7 331793 439746 107953
56 11418 7 322826 468789 145963
199 11312 7 363469 479533 116064
383 11403 7 299822 338287 38465
16 11425 8 323799 373252 49453
228 11432 6 305502 439236 133734
330 11361 7 358195 397348 39153
396 11485 8 312583 462171 149588
83 11447 8 316764 526007 209243
164 11473 7 316302 391045 74743
258 11407 8 348839 365089 16250
279 11435 6 296411 389204 92793
80 11403 7 311505 403398 91893
257 11363 8 303274 431882 128608
301 11444 7 338014 427940 89926
100 11323 7 390607 405298 14691
315 11383 7 302062 379391 77329
311 11359 7 312443 448673 136230
143 11408 8 356638 416149 59511
214 11438 6 334850 501376 166526
270 11377 7 337039 410843 73804
178 11428 7 405483 469873 64390
112 11429 7 316441 410995 94554
374 11420 8 377385 429448 52063
247 11521 7 311830 345444 33614
143 11455 8 390881 459025 68144
294 11330 7 330601 362401 31800
121 11443 10 336891 418350 81459
252 11386 7 353570 445129 91559
297 11433 7 307475 427172 119697
383 11416 6 369167 473186 104019
300 11438 7 423386 424713 1327
59 11546 7 294669 364877 70208
143 11450 8 317623 558328 240705
246 11433 7 308032 383232 75200
137 11428 8 337632 415837 78205
195 11942 7 311499 449895 138396
139 11831 7 332059 421677 89618
199 11857 8 322638 411917 89279
123 11802 7 320324 404325 84001
386 11770 7 362142 413914 51772
321 11823 8 445755 453437 7682
78 11793 9 413174 419838 6664
158 11748 8 330936 375659 44723
63 11804 7 368410 372785 4375
269 11775 7 339398 444555 105157
65 11696 7 353590 448243 94653
61 11781 7 361142 409038 47896
218 11759 8 414448 435997 21549
285 11850 8 368604 488440 119836
273 11712 6 305067 465415 160348
160 11727 8 316735 414966 98231
430 11717 9 344541 424677 80136
313 11748 8 302438 449815 147377
230 11738 6 392053 408287 16234
164 11814 8 343918 395518 51600
455 11688 7 331996 420615 88619
338 11746 7 292417 419324 126907
140 11851 8 396689 441495 44806
406 11701 8 362235 445145 82910
387 11763 7 452894 512849 59955
102 11800 7 455810 509480 53670
156 11690 8 404440 410159 5719
301 11833 7 310051 400354 90303
372 11790 7 344899 411104 66205
160 11747 7 422352 425444 3092
320 11732 7 365484 404043 38559
204 11805 7 358410 376085 17675
359 11842 7 336448 397098 60650
301 11752 6 380904 455160 74256
150 11719 8 361419 421355 59936
259 11804 7 369802 398335 28533
263 11800 7 417733 450280 32547
163 11836 7 304417 547357 242940
189 11631 8 283534 380043 96509
129 11882 8 340431 447445 107014
143 11838 7 302140 405435 103295
291 11655 7 370741 553420 182679
43 11692 6 318834 405389 86555
369 11769 7 366439 426044 59605
113 11721 9 334198 474460 140262
123 11780 7 348161 478878 130717
239 11735 6 361097 445500 84403
253 11771 7 315871 416129 100258
214 11779 7 303623 378734 75111
197 11774 7 321082 414544 93462
136 12140 7 306808 374717 67909
246 12036 7 318911 427973 109062
111 12178 9 406323 569213 162890
184 12079 7 396418 418175 21757
287 12121 7 338285 469028 130743
187 12153 8 362948 468189 105241
321 12199 8 364204 449812 85608
204 12174 8 366488 480375 113887
231 12031 6 351811 510686 158875
176 12159 9 362556 435737 73181
212 12083 7 450126 471428 21302
365 12159 8 336673 450384 113711
153 12156 7 391671 460829 69158
208 12031 7 306116 447313 141197
164 12084 7 330508 408960 78452
200 12249 8 299271 437683 138412
279 12086 8 402594 417043 14449
236 12093 8 313187 406937 93750
138 12071 7 393274 449399 56125
468 12160 7 376303 440753 64450
266 12197 7 318721 495172 176451
179 12218 7 342076 496829 154753
153 12213 7 447603 469366 21763
189 12187 8 354372 441579 87207
353 12154 7 330229 408989 78760
205 12196 8 420238 438209 17971
210 12138 7 407365 451803 44438
164 12163 7 384983 419717 34734
252 12148 7 360820 441580 80760
388 12125 7 403924 467310 63386
227 12098 8 367872 387235 19363
504 12068 7 336751 406329 69578
276 12098 7 349399 430026 80627
367 12214 7 350237 400290 50053
266 12210 7 337827 399717 61890
77 12089 7 395246 409143 13897
315 12150 8 335576 426390 90814
335 12053 7 405935 436221 30286
40 12145 7 376663 446904 70241
180 12088 7 389001 461087 72086
145 12210 7 328316 480601 152285
145 12137 8 342739 407212 64473
190 12147 8 384702 519172 134470
179 12033 7 368286 408022 39736
233 12093 7 289411 457062 167651
29 12139 7 329817 511518 181701
249 12178 7 387563 448588 61025
285 12112 6 431287 510792 79505
188 12219 7 410774 525149 114375
226 12192 7 328695 386047 57352
107 12491 7 345390 489638 144248
257 12446 7 409683 473742 64059
23 12460 7 320798 425290 104492
311 12654 7 342921 424664 81743
69 12392 10 386941 556769 169828
128 12440 8 334183 412736 78553
397 12508 8 403688 461070 57382
163 12478 7 424633 619125 194492
73 12488 8 344098 406668 62570
192 12549 8 336510 433425 96915
64 12400 7 346522 394512 47990
262 12491 8 417301 455530 38229
493 12489 8 317069 431208 114139
278 12537 8 412893 439538 26645
331 12480 7 317901 474682 156781
208 12529 6 362585 423369 60784
155 12536 8 363779 411539 47760
382 12427 7 362070 494072 132002
79 12557 7 325768 386572 60804
349 12451 7 369715 480470 110755
85 12524 7 527240 529744 2504
375 12504 8 330188 450328 120140
26 12462 7 450780 461303 10523
35 12551 8 330060 448399 118339
114 12503 8 356863 457852 100989
431 12493 7 424769 451281 26512
83 12565 7 343474 432112 88638
360 12565 9 378418 477352 98934
214 12489 7 486828 490159 3331
215 12459 8 461101 478071 16970
104 12553 7 352690 452496 99806
125 12527 7 309765 476459 166694
227 12640 7 317206 412591 95385
230 12460 8 329013 443186 114173
414 12524 7 387480 534776 147296
70 12542 9 319461 463098 143637
182 12473 7 350118 407669 57551
316 12528 7 317316 634163 316847
220 12521 7 323988 417496 93508
214 12492 7 330138 500637 170499
226 12513 7 293530 458940 165410
95 12544 7 336782 526820 190038
407 12550 7 368280 422909 54629
303 12491 7 307897 425073 117176
206 12425 7 464555 476608 12053
121 12478 8 352178 446017 93839
66 12550 7 356008 409849 53841
457 12526 7 415565 439959 24394
287 12575 7 366223 511802 145579
53 12499 7 368508 439662 71154
175 12838 7 371801 557891 186090
275 12802 8 351581 491153 139572
313 12961 8 368153 426115 57962
162 12831 7 387548 430917 43369
163 12863 8 387814 467867 80053
345 12803 7 379477 464137 84660
115 12874 8 378439 478748 100309
118 12995 7 378812 470957 92145
4 12861 6 383706 480707 97001
300 13020 8 461854 519202 57348
198 12894 7 408248 431584 23336
170 12918 8 381567 467548 85981
323 12819 7 466595 478059 11464
176 12923 7 320792 490544 169752
269 12799 8 338989 472236 133247
181 12735 8 414538 438615 24077
596 12945 7 439076 489652 50576
71 12861 7 369681 455745 86064
26 12787 7 390661 445762 55101
470 12945 7 617505 651621 34116
345 12937 7 370575 451506 80931
16 12852 9 362629 424401 61772
185 12783 7 423687 425061 1374
276 12882 6 439770 472174 32404
79 12907 6 414989 453177 38188
240 12789 8 388860 459996 71136
352 12977 8 405167 473400 68233
352 12902 8 351351 514162 162811
224 12899 8 373740 502271 128531
431 12878 7 470201 477629 7428
331 12924 6 414342 555736 141394
201 12894 8 353081 475103 122022
127 12816 8 387479 456997 69518
48 12884 7 554525 584199 29674
171 12787 7 458505 470222 11717
206 12835 8 369052 491632 122580
246 12931 9 386488 471888 85400
4 12761 6 392037 532472 140435
161 12880 7 353051 480075 127024
334 12818 7 367305 495349 128044
265 12873 8 445872 453863 7991
395 12878 7 353388 432872 79484
166 12822 7 368484 415694 47210
174 12931 7 475396 558969 83573
258 12914 7 370034 491259 121225
160 12897 7 404099 449043 44944
166 12821 8 430633 487858 57225
528 12904 7 420066 557047 136981
174 12944 8 331986 492568 160582
49 12924 7 359052 469701 110649
362 13245 7 334187 500192 166005
272 13280 7 339134 545259 206125
263 13189 7 407061 468179 61118
379 13208 7 404172 497318 93146
171 13302 7 414996 471348 56352
275 13136 7 614149 617895 3746
292 13429 7 348282 492828 144546
374 13234 7 384566 594370 209804
348 13244 7 359509 473196 113687
236 13211 8 364607 461157 96550
231 13368 8 385001 452213 67212
113 13257 8 379632 486457 106825
258 13217 7 350358 571983 221625
246 13144 7 369405 434122 64717
235 13304 7 356263 442819 86556
188 13219 7 468754 507942 39188
448 13261 7 377853 498502 120649
392 13233 7 422524 496602 74078
314 13331 7 369394 477629 108235
240 13273 7 395986 447945 51959
243 13158 8 498028 532917 34889
210 13178 7 329828 499888 170060
119 13275 8 358106 442233 84127
265 13321 8 390943 440532 49589
250 13286 7 369325 524583 155258
266 13311 7 391779 525735 133956
304 13207 8 463760 492908 29148
217 13207 7 455122 571372 116250
449 13181 8 403933 458965 55032
240 13223 8 578227 691405 113178
88 13439 6 367013 489356 122343
489 13232 8 428155 477902 49747
105 13214 9 380147 569855 189708
384 13193 8 431094 460810 29716
40 13136 7 424069 474791 50722
194 13233 7 358290 452791 94501
265 13266 9 437423 608822 171399
353 13318 7 434143 592958 158815
60 13259 7 324507 500274 175767
70 13332 7 378033 439298 61265
93 13248 8 525771 525791 20
153 13177 7 315035 419411 104376
323 13313 7 322698 487021 164323
406 13241 8 355703 445723 90020
381 13075 8 385649 487246 101597
132 13312 8 526712 529066 2354
116 13199 8 356164 482088 125924
481 13289 7 393250 526543 133293
130 13252 6 366601 500099 133498
180 13149 8 360007 537135 177128
335 13510 8 369590 511061 141471
144 13637 7 418214 475375 57161
396 13591 7 485896 553084 67188
165 13560 8 415687 547463 131776
172 13622 8 501237 519571 18334
578 13619 7 359160 457352 98192
252 13610 7 484227 523139 38912
408 13595 7 508723 530885 22162
351 13560 8 437367 511837 74470
236 13630 7 465531 506723 41192
165 13585 8 428825 453970 25145
72 13581 8 480401 518819 38418
306 13441 7 397308 502982 105674
315 13604 7 416087 475009 58922
323 13664 7 399102 475130 76028
164 13549 7 371600 551232 179632
426 13653 7 427186 503671 76485
183 13755 7 452603 511306 58703
250 13695 8 410130 537542 127412
169 13489 7 583398 596024 12626
31 13667 7 405729 444865 39136
48 13682 7 361589 510039 148450
259 13579 7 396409 532068 135659
269 13515 6 492029 498663 6634
269 13555 7 438556 591659 153103
119 13535 7 376946 493686 116740
217 13570 7 452505 481697 29192
173 13628 6 504208 551781 47573
399 13617 7 395362 493237 97875
222 13589 7 379639 550628 170989
245 13597 7 360514 537474 176960
86 13584 6 416404 509646 93242
363 13634 7 451641 510587 58946
146 13553 8 448694 452880 4186
289 13745 8 423277 471283 48006
120 13624 7 464305 566065 101760
162 13569 8 353853 505036 151183
117 13544 7 472409 497466 25057
364 13625 8 392291 579115 186824
318 13628 10 401042 523798 122756
551 13671 7 389154 445186 56032
157 13644 7 519386 536215 16829
217 13478 7 353624 508671 155047
360 13525 7 427390 528251 100861
274 13566 8 388287 488444 100157
177 13519 7 393436 475467 82031
338 13613 8 401424 509907 108483
162 13670 7 406028 472328 66300
180 13594 7 369700 454253 84553
240 13738 7 415215 538037 122822
139 14036 7 374693 508956 134263
167 13915 6 465088 530404 65316
136 14011 7 399942 469970 70028
247 13926 7 435330 521339 86009
49 13978 7 446839 569099 122260
528 14031 7 418780 512838 94058
120 13921 8 401805 623184 221379
239 13820 7 361010 480594 119584
262 13949 8 392899 489023 96124
183 14063 8 380668 481089 100421
275 14017 7 383556 460362 76806
98 13899 7 460249 496035 35786
247 13918 8 386085 416100 30015
121 13955 7 535335 620343 85008
525 13976 7 445114 571297 126183
306 13962 7 552046 563655 11609
59 13973 7 369384 576486 207102
146 14081 7 522575 615853 93278
54 13982 7 381473 456812 75339
300 14019 7 446295 463691 17396
213 13985 8 335963 573549 237586
223 14030 7 376216 564306 188090
713 14063 9 413712 490715 77003
59 13978 8 406843 524601 117758
271 13823 7 408709 554252 145543
514 14019 7 419722 528475 108753
289 13980 8 426111 555515 129404
88 14016 8 455211 610888 155677
322 13967 7 383834 456208 72374
159 14029 8 418250 537254 119004
140 14039 7 471477 487995 16518
365 13901 7 427202 503399 76197
27 14003 8 362066 464339 102273
153 14034 7 431147 497623 66476
13 14004 7 439891 476920 37029
260 13936 7 445590 585741 140151
198 14057 7 374018 494399 120381
185 14118 7 592358 651039 58681
309 13999 7 378351 700174 321823
150 13929 7 400258 516216 115958
689 14074 8 414608 516509 101901
82 13966 7 423688 482509 58821
190 13838 9 432894 453486 20592
263 13939 7 361687 456999 95312
89 13931 7 382229 519049 136820
184 13970 7 445142 538254 93112
134 13968 7 477315 538632 61317
372 14017 7 433734 566734 133000
315 13945 9 372051 469881 97830
68 14074 7 423963 480964 57001
98 14296 7 358565 492432 133867
271 14471 8 405970 559670 153700
187 14314 8 386632 508791 122159
43 14328 8 412989 527516 114527
385 14315 7 384157 489140 104983
248 14431 8 527710 583072 55362
345 14259 6 400086 460323 60237
249 14358 7 445157 529201 84044
195 14374 8 602304 629954 27650
52 14308 7 521662 571794 50132
146 14367 7 398114 529932 131818
108 14302 7 421076 491450 70374
291 14189 7 489756 566991 77235
109 14447 7 429501 499057 69556
59 14248 7 428475 489497 61022
430 14351 7 426743 481677 54934
212 14268 7 420645 480851 60206
348 14327 8 433063 521024 87961
327 14359 7 376832 463285 86453
239 14397 7 353833 506393 152560
75 14480 7 455968 538727 82759
156 14328 7 419292 546417 127125
211 14330 7 409103 518597 109494
370 14360 7 466530 540870 74340
163 14361 7 372736 482414 109678
117 14361 8 469609 685914 216305
500 14357 7 451050 490609 39559
169 14339 8 466589 518212 51623
650 14378 7 401545 527195 125650
379 14383 7 402556 559387 156831
217 14247 7 481102 517623 36521
113 14196 7 422901 537745 114844
195 14292 7 403672 493784 90112
341 14271 8 422148 571573 149425
354 14298 7 417562 532683 115121
227 14302 6 449828 664403 214575
203 14439 8 398251 541514 143263
87 14329 7 521843 562035 40192
241 14356 7 409891 456197 46306
222 14406 8 471875 583906 112031
208 14375 7 401184 463172 61988
177 14323 7 381175 506809 125634
288 14303 7 384784 503462 118678
85 14411 7 482233 542128 59895
116 14361 8 459333 525126 65793
396 14309 9 388292 491859 103567
75 14364 7 457997 561733 103736
184 14310 8 511694 594128 82434
113 14343 8 392439 477371 84932
121 14357 7 468740 622398 153658
148 14750 7 424602 511869 87267
293 14718 7 427310 571194 143884
318 14680 7 467962 510818 42856
208 14701 7 393374 575425 182051
251 14659 8 428872 534556 105684
155 14711 7 384808 491194 106386
205 14614 7 461703 507136 45433
288 14770 8 392368 527405 135037
323 14745 7 412137 499088 86951
179 14731 8 415149 530511 115362
66 14649 7 371793 486713 114920
130 14691 8 371384 480486 109102
229 14843 7 468473 513724 45251
128 14656 8 492052 511596 19544
193 14700 7 424422 557950 133528
223 14670 7 454296 516811 62515
176 14710 8 403111 626142 223031
203 14720 8 422568 658505 235937
237 14705 8 401915 558527 156612
182 14694 7 378008 544747 166739
337 14689 8 474874 505661 30787
355 14638 7 379177 493237 114060
173 14724 8 422696 621378 198682
52 14709 7 441081 525198 84117
171 14589 8 458894 549896 91002
462 14790 8 471620 684796 213176
392 14796 7 393052 538964 145912
107 14743 7 452736 497433 44697
385 14743 7 423971 458519 34548
215 14778 8 481488 542024 60536
401 14803 8 390898 550698 159800
204 14676 7 447182 649941 202759
66 14815 7 495743 556609 60866
39 14713 9 434837 600927 166090
612 14710 7 549591 594876 45285
209 14730 7 439476 507999 68523
410 14707 7 454291 575991 121700
228 14700 7 403559 632465 228906
95 14782 8 441286 499654 58368
387 14658 10 418286 661651 243365
404 14783 7 433241 495598 62357
31 14627 8 467067 547325 80258
387 14808 7 422931 501737 78806
291 14747 8 551665 576891 25226
198 14715 8 365614 496445 130831
569 14680 7 468462 533702 65240
75 14627 6 411528 560662 149134
65 14721 7 350398 493431 143033
194 14692 7 443028 508273 65245
446 14642 7 496378 596622 100244
