514 26137 9 764615 988914 224299
469 26116 8 754751 1005905 251154
166 26089 7 778650 950314 171664
166 26067 8 797432 955806 158374
629 26181 7 721486 946014 224528
538 26008 7 775135 1227769 452634
410 26251 7 690186 918967 228781
448 26012 7 896166 1056692 160526
477 26122 9 822950 911240 88290
211 26178 7 771212 1004182 232970
835 26139 7 822446 977603 155157
259 26069 7 796220 1044768 248548
436 26064 8 776171 970476 194305
210 26230 7 766001 963427 197426
522 26118 8 773304 1005810 232506
319 26063 7 872744 989781 117037
187 26157 8 879492 1016334 136842
471 26119 7 822107 1050621 228514
306 26159 8 755491 1011008 255517
470 26074 8 868622 969150 100528
286 26173 7 904802 914156 9354
147 26039 9 804419 903838 99419
392 26011 7 932768 964457 31689
280 26010 7 779202 1095154 315952
16 26100 8 866810 1052891 186081
419 26126 7 800025 886508 86483
526 26207 7 763788 922290 158502
141 26055 9 802668 1039690 237022
449 26130 7 1004137 1110858 106721
282 26128 9 783077 956831 173754
463 26014 8 1113974 1216939 102965
108 26112 8 745945 1171021 425076
278 26161 7 822446 1014632 192186
232 26091 7 851978 1153539 301561
223 26123 7 733407 1030160 296753
510 26041 8 893765 929361 35596
252 26022 7 871885 1055225 183340
141 26141 9 840090 972776 132686
665 26033 8 966850 999686 32836
198 26091 7 813916 1104070 290154
287 26105 8 871021 982611 111590
492 25949 7 998631 1008868 10237
388 26178 8 784833 999073 214240
96 26156 8 837271 958796 121525
792 26133 8 711514 1002664 291150
340 26090 7 777639 1015565 237926
288 26019 8 784169 1015025 230856
431 26121 7 842081 1029294 187213
166 26219 7 775700 885048 109348
437 26082 7 1008705 1139217 130512
239 26573 7 724720 959853 235133
178 26545 7 1042763 1103070 60307
365 26592 7 854441 1050933 196492
502 26430 7 820553 953959 133406
244 26450 9 826353 1088381 262028
152 26507 7 857627 1000996 143369
503 26628 8 1053127 1138147 85020
329 26367 8 935047 1020922 85875
208 26446 7 880474 1009924 129450
639 26415 8 788644 1028410 239766
130 26375 7 881944 957539 75595
404 26474 8 795452 1144710 349258
679 26421 8 820840 931888 111048
247 26472 8 794301 1085347 291046
159 26458 7 779355 982582 203227
295 26453 8 784711 1114010 329299
48 26470 7 845318 1017782 172464
343 26589 8 747577 958442 210865
109 26682 7 842408 1012741 170333
337 26588 9 893285 1062602 169317
112 26463 8 801287 885519 84232
376 26432 8 818869 957290 138421
243 26263 7 741762 1047190 305428
258 26387 7 894278 985621 91343
234 26605 7 889097 1026341 137244
149 26508 8 819383 981976 162593
468 26415 8 846804 1099522 252718
120 26456 7 748029 1080672 332643
386 26556 8 863212 979488 116276
329 26449 8 820881 956821 135940
578 26552 7 789442 969772 180330
414 26617 7 864989 1083289 218300
143 26476 7 1062699 1069106 6407
272 26543 7 843061 988651 145590
238 26424 8 1076344 1153869 77525
371 26435 7 780326 1052502 272176
210 26447 7 815266 1071859 256593
116 26512 8 909913 1103736 193823
165 26473 8 894745 1309833 415088
456 26483 7 802891 974165 171274
334 26432 7 727383 1096956 369573
56 26433 7 877263 1016756 139493
187 26541 7 865159 993529 128370
315 26567 7 724029 966557 242528
236 26414 10 803629 1105490 301861
172 26314 8 784503 1071474 286971
321 26488 8 825042 968078 143036
145 26406 8 911493 961284 49791
430 26553 7 876087 1071167 195080
67 26594 7 849407 1103795 254388
365 26860 6 889984 1053685 163701
354 26816 9 982343 1314017 331674
527 26817 7 703760 949885 246125
190 26805 7 862859 1112421 249562
315 26860 8 826952 931825 104873
411 26904 8 809979 1108959 298980
224 26640 7 733477 1038645 305168
204 26779 8 803962 1077083 273121
84 26940 7 1034495 1215428 180933
224 26935 8 726943 1041003 314060
348 26949 8 748247 1077170 328923
187 26893 8 813914 941363 127449
418 26794 7 911167 1031645 120478
329 26827 7 948530 1019631 71101
402 26723 8 1046129 1063066 16937
105 26959 8 1041107 1053525 12418
473 26817 7 915539 1044963 129424
200 26844 7 1099132 1172890 73758
383 26780 7 788765 1131982 343217
322 26644 7 884156 947681 63525
231 26824 9 755764 965868 210104
220 27025 7 801917 1086680 284763
134 26815 7 709561 1210333 500772
199 26828 7 701208 1188642 487434
388 26869 9 726315 1024680 298365
255 26931 7 1005849 1054938 49089
40 26891 7 811587 1135653 324066
256 26924 8 757977 1096032 338055
331 26911 8 915919 1087568 171649
527 26888 7 887001 980368 93367
446 26890 7 854199 971347 117148
70 26805 7 928866 984380 55514
273 26922 8 802882 1255394 452512
398 26754 7 925074 1126156 201082
525 26841 7 807346 973343 165997
285 26788 7 914442 1025001 110559
149 26814 7 916383 1100401 184018
254 26852 7 789693 1078127 288434
523 26896 7 900876 994068 93192
301 26909 7 778868 995917 217049
353 26802 7 855033 1166677 311644
436 26855 8 926327 1039217 112890
449 26882 7 875057 1002419 127362
366 26879 7 894415 1076747 182332
417 26787 8 841942 974850 132908
435 26800 8 914068 982192 68124
270 27007 8 844445 1009498 165053
368 26784 7 983912 1087680 103768
693 26866 7 752629 1048219 295590
372 26954 7 816306 964183 147877
237 27319 8 853244 1011644 158400
490 27123 7 815871 1145839 329968
427 27299 8 973594 1125081 151487
500 27174 8 846127 1114937 268810
444 27149 7 906618 1118523 211905
593 27200 7 872356 1013091 140735
165 27316 8 753042 976342 223300
654 27215 8 925958 1314203 388245
240 27379 8 792616 1054071 261455
155 27252 7 829240 1116792 287552
531 27327 8 859791 990635 130844
108 27248 7 890824 1005176 114352
107 27170 7 909042 1015373 106331
496 27215 8 812004 1101957 289953
404 27061 7 817277 1006113 188836
22 27273 7 925098 1399119 474021
174 27120 8 891962 1056908 164946
201 27310 8 734329 1110855 376526
332 27323 7 809076 1036760 227684
479 27234 7 1006912 1187428 180516
226 27219 7 857072 945985 88913
330 27250 8 837259 1133341 296082
321 27180 7 733222 978446 245224
653 27300 8 934781 975803 41022
284 27174 8 860480 910867 50387
153 27221 7 825178 1133268 308090
336 27173 8 932035 1206188 274153
466 27092 8 871010 933516 62506
174 27286 8 832381 1024291 191910
264 27249 7 888963 1041683 152720
283 27178 8 1075826 1268199 192373
310 27287 9 1031242 1243187 211945
200 27116 8 807975 983076 175101
138 27225 8 935812 1085409 149597
128 27219 7 821609 1007945 186336
186 27227 7 860348 911449 51101
613 27231 7 943427 976734 33307
274 27341 7 777453 1080126 302673
382 27224 7 895897 978030 82133
272 27113 7 725607 974104 248497
496 27284 8 865671 1123317 257646
576 27346 7 818243 1127239 308996
217 27167 7 999719 1076769 77050
482 27379 8 778299 1016628 238329
389 27200 7 1256830 1477032 220202
581 27323 7 861252 954892 93640
251 27222 8 770380 1103978 333598
317 27210 8 978525 1143064 164539
220 27283 7 976481 1148199 171718
202 27264 7 874528 920534 46006
256 27527 7 948479 1004547 56068
426 27673 7 1048640 1063569 14929
158 27546 7 849497 947178 97681
424 27645 7 966971 1167715 200744
279 27575 9 865979 1019752 153773
371 27516 7 777799 996337 218538
427 27587 7 860084 1073485 213401
209 27535 8 750238 933721 183483
301 27671 7 780628 912428 131800
410 27469 8 850299 1000399 150100
252 27253 8 843325 1159741 316416
224 27445 8 799829 923743 123914
353 27652 8 807485 956893 149408
76 27453 7 931626 1347697 416071
670 27707 8 1056608 1256130 199522
480 27590 8 785765 962098 176333
458 27520 8 800947 1028356 227409
323 27659 7 973780 1083148 109368
87 27526 8 782292 1108344 326052
422 27521 7 818602 1093239 274637
367 27603 7 944305 1173907 229602
238 27504 8 729354 1146513 417159
443 27571 7 791485 1148232 356747
296 27664 8 827217 1044662 217445
238 27581 9 892348 1166096 273748
525 27431 9 795539 963053 167514
397 27512 8 950244 1079283 129039
500 27524 7 945096 951915 6819
268 27740 7 928735 1074515 145780
172 27566 8 1074680 1088321 13641
251 27582 7 739275 978027 238752
232 27553 8 932018 1048675 116657
349 27692 7 962031 1173766 211735
456 27585 7 775748 1173719 397971
353 27487 7 909053 1005327 96274
257 27550 7 953633 967939 14306
231 27622 7 848640 1080476 231836
560 27621 7 1079919 1111462 31543
327 27745 8 842716 1031313 188597
155 27582 7 915784 983961 68177
183 27620 8 931063 1016200 85137
46 27599 7 767211 1136849 369638
127 27630 9 923041 1018100 95059
637 27558 7 934532 1018391 83859
471 27637 7 957160 1197615 240455
472 27533 8 864142 962183 98041
33 27671 7 851336 1057830 206494
319 27482 7 885350 1162750 277400
579 27662 8 903440 986928 83488
688 27615 8 818672 1159833 341161
295 28032 7 894937 1082810 187873
117 27758 7 993984 1066011 72027
398 27833 7 825781 1133240 307459
253 27979 7 888359 1204548 316189
386 28092 8 836215 1004482 168267
114 27921 7 862340 1204806 342466
449 28106 8 915082 1244267 329185
350 27925 7 928030 1180092 252062
434 27847 8 878860 1194339 315479
144 27908 7 971372 1087746 116374
170 28012 9 875396 1242872 367476
462 27967 8 937245 1241249 304004
457 27967 7 798194 1241235 443041
742 27883 7 877412 929980 52568
402 28173 8 856471 1105169 248698
504 28091 8 825106 1178914 353808
372 27828 8 898590 1056700 158110
780 27935 7 872860 985154 112294
438 28074 8 833429 1033361 199932
581 27977 7 816075 1160890 344815
68 28007 7 833154 1236874 403720
34 27933 7 776637 1120214 343577
333 27916 9 807172 1216806 409634
39 28040 8 852160 1258031 405871
574 27921 8 808524 1050347 241823
400 27967 8 765477 1015227 249750
318 28032 8 888125 1050970 162845
122 27873 7 858400 1032578 174178
287 28030 8 829541 1080680 251139
247 28039 7 842965 1048261 205296
410 28017 8 904897 1124777 219880
733 28079 9 975926 1062403 86477
192 27994 8 1023968 1081702 57734
319 27911 7 984400 1076573 92173
433 27947 7 742996 1036156 293160
339 27995 8 1098206 1150475 52269
630 27918 9 822738 963249 140511
342 27890 7 814383 1006940 192557
437 27925 9 999044 1307535 308491
646 27989 9 998508 1036710 38202
397 27875 8 1038450 1223888 185438
335 28011 7 773548 932666 159118
168 28061 8 856989 968430 111441
409 27975 7 970080 1055286 85206
406 27995 7 746835 1180323 433488
180 28012 8 923769 957179 33410
576 28039 8 1022044 1074210 52166
597 27838 7 879762 1119318 239556
340 27933 8 891188 981904 90716
213 28099 8 769046 1015586 246540
123 28263 9 921766 1203154 281388
473 28379 8 867156 1095772 228616
26 28263 8 806497 1075922 269425
188 28379 7 842808 965816 123008
282 28318 7 794735 1065247 270512
334 28422 8 1125397 1223477 98080
165 28187 7 823013 990623 167610
534 28150 7 809295 982761 173466
395 28239 7 881802 1167615 285813
145 28282 7 927534 1069302 141768
367 28358 8 802389 1168018 365629
212 28250 9 1014451 1254912 240461
407 28300 8 869081 1083292 214211
627 28387 7 888605 1032041 143436
498 28260 9 986701 1038122 51421
569 28416 6 897242 1010278 113036
660 28246 7 818920 1339408 520488
499 28343 8 796465 1061842 265377
222 28173 7 842853 1065521 222668
411 28310 8 915969 1138815 222846
151 28328 7 819660 1040098 220438
164 28178 8 1051998 1096069 44071
214 28134 7 943456 1010295 66839
257 28430 7 847734 1216574 368840
486 28296 9 875650 1043291 167641
191 28400 8 1046618 1094477 47859
499 28442 7 801766 984259 182493
297 28274 7 843028 1112063 269035
383 28362 8 838051 942484 104433
207 28438 8 1008422 1268361 259939
401 28407 7 762006 1124739 362733
219 28318 7 843509 1295983 452474
87 28244 7 1028893 1101936 73043
564 28486 9 936908 1215037 278129
454 28271 8 878846 1061804 182958
151 28392 8 982614 1155148 172534
303 28405 7 813155 1011378 198223
120 28409 8 862130 1185856 323726
198 28303 8 824709 1157144 332435
66 28403 8 784439 1119895 335456
157 28284 7 789263 1238305 449042
500 28256 7 865340 1054406 189066
75 28264 7 1017464 1082252 64788
172 28373 8 1036312 1241925 205613
173 28329 7 1008792 1075632 66840
82 28338 8 885174 989681 104507
582 28430 8 1029313 1150730 121417
354 28469 7 950971 1161019 210048
182 28370 8 885754 1079614 193860
71 28468 7 1024015 1069297 45282
477 28612 7 996836 1164944 168108
609 28731 7 860791 1004805 144014
184 28854 7 1140419 1179865 39446
543 28703 7 885274 1051682 166408
272 28659 8 956941 1168140 211199
458 28640 7 1086357 1272337 185980
346 28658 8 773885 1122765 348880
362 28653 8 801693 1073110 271417
235 28659 8 968430 1098681 130251
454 28609 7 1203698 1286719 83021
340 28555 8 866143 1049184 183041
645 28745 8 804554 1101595 297041
790 28571 7 1023188 1114560 91372
115 28607 8 956203 1130289 174086
488 28688 7 1111834 1239742 127908
294 28642 8 820052 1150756 330704
651 28706 9 860911 1060148 199237
259 28798 7 944307 1207652 263345
238 28747 7 855537 1110840 255303
530 28653 7 849688 1056448 206760
261 28662 8 935548 1362405 426857
311 28509 7 863769 1207385 343616
378 28542 7 934385 1085163 150778
217 28540 7 816856 1059025 242169
423 28720 9 877936 1041063 163127
335 28668 8 960380 1241142 280762
535 28623 7 869487 1033706 164219
396 28641 7 930106 1236901 306795
208 28757 8 1092374 1328735 236361
351 28668 8 924832 1059550 134718
442 28769 7 971328 1043096 71768
609 28765 8 864969 1061692 196723
316 28536 7 864205 1116922 252717
213 28613 8 817407 1151004 333597
172 28604 7 995958 1064501 68543
527 28802 8 828824 1096066 267242
278 28814 7 883133 990881 107748
238 28760 7 907477 1240792 333315
418 28723 7 856071 1111722 255651
121 28600 7 805666 1038949 233283
487 28568 8 816479 1050125 233646
296 28569 8 870935 1322806 451871
340 28716 8 983722 1678308 694586
309 28725 8 781166 1006866 225700
75 28711 8 1110241 1291306 181065
143 28828 7 1104024 1252103 148079
274 28676 8 959161 1229628 270467
388 28722 8 809699 1050895 241196
352 28622 8 955272 1098187 142915
576 28675 8 965695 973780 8085
522 28955 8 1000443 1074478 74035
412 29032 8 1099334 1193899 94565
152 29080 8 987871 1072638 84767
508 29043 7 1091199 1423220 332021
675 29095 8 1001430 1205432 204002
338 29037 9 954734 1228128 273394
321 29131 7 763415 1148741 385326
434 29131 7 1113157 1123887 10730
513 29031 8 947700 1548105 600405
558 29118 8 875154 1090169 215015
26 29037 7 1137227 1177884 40657
141 29138 7 911153 1087288 176135
187 29056 7 913371 1560435 647064
240 29001 8 886839 1162847 276008
677 28908 7 801164 1234210 433046
133 29111 7 1245255 1282132 36877
426 29206 7 985296 1105692 120396
178 29104 7 882971 1094459 211488
441 29135 7 989333 1178470 189137
178 29029 8 1029913 1252252 222339
432 28936 8 1031152 1097184 66032
485 29003 7 949484 1226844 277360
795 29051 8 1112889 1218340 105451
649 28985 7 913555 1315612 402057
100 28934 8 1044621 1611023 566402
98 28991 7 995572 1097962 102390
658 29040 7 884405 1160736 276331
536 29039 7 834081 1117914 283833
634 29026 7 1033329 1114364 81035
83 29012 8 942082 1059254 117172
265 29067 8 842969 1000402 157433
301 29103 8 1007186 1213364 206178
511 28854 8 975571 1037106 61535
433 29086 8 968621 1114150 145529
831 28958 8 1577380 1611096 33716
201 29121 8 936263 1064805 128542
510 29067 7 1140075 1167801 27726
354 29247 8 966918 1150243 183325
270 28984 7 864067 1257944 393877
737 29239 7 897256 1262470 365214
85 29253 8 808419 1052133 243714
632 29272 7 870473 1151831 281358
569 28900 8 862345 1091573 229228
651 29101 8 818099 1434956 616857
199 29022 7 962546 1043221 80675
115 29014 8 980343 1128963 148620
458 29020 7 976901 1411608 434707
211 28983 7 953217 1167631 214414
195 29383 9 990376 1050562 60186
192 29123 7 803354 1095615 292261
260 29801 8 1015385 1118822 103437
442 29387 7 890452 1217200 326748
214 29434 9 1012282 1466443 454161
508 29608 8 860455 1203821 343366
257 29481 8 939090 1239963 300873
236 29552 9 1109739 1189183 79444
58 29366 7 1040824 1193799 152975
670 29524 7 817871 1102637 284766
374 29388 8 970796 1276200 305404
482 29325 8 1135301 1353264 217963
207 29372 8 1226430 1295192 68762
420 29349 8 1085342 1103479 18137
144 29420 7 898487 1267091 368604
309 29528 8 1017537 1076636 59099
692 29585 8 792763 1181126 388363
292 29380 8 1123056 1286592 163536
113 29445 9 845167 1152347 307180
332 29354 8 1042124 1273431 231307
333 29345 7 849434 1241983 392549
108 29361 8 965407 1256032 290625
255 29356 7 1134756 1195044 60288
209 29478 7 969872 1099445 129573
334 29470 7 1033951 1221257 187306
548 29410 8 1035606 1127968 92362
399 29361 7 923802 1169156 245354
721 29408 7 898685 1120280 221595
290 29500 7 846028 1170293 324265
453 29363 8 1184630 1389123 204493
224 29380 8 1007244 1057208 49964
526 29453 7 1541853 1727803 185950
771 29402 7 857436 1306826 449390
267 29436 9 1012152 1267099 254947
366 29522 7 970611 1180565 209954
378 29320 8 1003349 1158092 154743
156 29349 8 989787 1068455 78668
204 29329 8 945444 1126242 180798
694 29474 8 860944 1155263 294319
16 29426 8 975208 1243375 268167
420 29469 9 929419 1057520 128101
560 29492 7 972655 1256212 283557
484 29342 8 1062998 1295171 232173
448 29436 7 941813 1240798 298985
235 29376 8 1063591 1199474 135883
354 29631 8 869666 1067652 197986
355 29457 8 1053011 1124645 71634
566 29342 7 1066295 1145021 78726
575 29527 7 1059698 1188378 128680
297 29364 7 998865 1117511 118646
637 29399 7 946266 1227388 281122
498 29496 7 1134877 1150954 16077
