43 15097 8 440621 613253 172632
367 15057 7 499362 526287 26925
245 15080 7 446020 576643 130623
736 15014 7 410941 561318 150377
121 15208 8 439713 503877 64164
22 15098 8 436175 493247 57072
148 14971 7 385126 536912 151786
429 15117 7 647948 732628 84680
221 15132 7 547204 570701 23497
302 15096 7 420676 568585 147909
110 15068 7 446823 556602 109779
478 15036 7 470175 565239 95064
370 15089 7 549082 561077 11995
148 15120 7 395128 575548 180420
40 15239 7 438921 526738 87817
358 15063 8 410449 570746 160297
124 15045 8 426142 565560 139418
265 15025 7 418602 518064 99462
96 15169 7 469673 666675 197002
301 14998 7 525409 581225 55816
421 15028 7 572005 592491 20486
311 15106 7 415172 504215 89043
235 15144 7 430305 556713 126408
23 15031 8 449862 517960 68098
122 15106 7 389020 669728 280708
377 15098 7 446789 612253 165464
71 14977 7 433243 577825 144582
254 15114 7 540199 543225 3026
316 15129 8 447995 630568 182573
321 15135 8 471777 540337 68560
140 15165 7 455057 512239 57182
267 15211 7 428204 469546 41342
348 15148 7 494065 596278 102213
231 15083 7 414599 537990 123391
143 15182 7 429886 585997 156111
324 15118 7 437955 614173 176218
311 15051 7 485730 629099 143369
237 15206 8 507742 559829 52087
275 15148 7 433849 539791 105942
116 15030 7 494464 643725 149261
204 15019 7 411045 526128 115083
153 15079 7 492621 696978 204357
644 15120 7 488444 569742 81298
441 15045 8 425759 580921 155162
186 15047 7 454767 559198 104431
270 15128 7 432891 550529 117638
201 15131 7 416915 517592 100677
50 15062 7 463982 607792 143810
319 15082 7 479157 576510 97353
245 15017 7 533162 550966 17804
190 15351 7 452455 557373 104918
156 15448 8 553145 586936 33791
98 15478 8 517244 595642 78398
58 15348 8 421800 672609 250809
65 15437 7 494264 529357 35093
158 15366 7 413353 512275 98922
138 15539 7 726016 752493 26477
213 15386 7 555608 593387 37779
360 15465 7 429506 553694 124188
275 15527 8 510834 567588 56754
194 15438 8 433711 566586 132875
284 15492 7 381578 533874 152296
114 15459 7 413241 607063 193822
367 15529 7 458125 580244 122119
203 15387 8 470294 592928 122634
418 15351 7 440222 514501 74279
411 15416 7 434249 647717 213468
258 15481 7 434686 561753 127067
366 15559 7 477639 523960 46321
213 15372 8 475540 569455 93915
151 15486 7 470986 579998 109012
368 15450 7 597492 605551 8059
272 15457 7 441494 515458 73964
130 15327 7 475922 570778 94856
188 15481 9 506296 688259 181963
185 15494 7 419398 586527 167129
114 15474 8 436453 545571 109118
124 15505 8 524209 631674 107465
240 15409 7 464844 574832 109988
254 15522 7 426620 567053 140433
644 15496 8 452508 585874 133366
101 15425 6 624601 636993 12392
96 15403 7 440319 577594 137275
281 15419 8 579324 592284 12960
238 15496 7 506853 573653 66800
385 15455 8 629476 638941 9465
145 15453 7 467956 574637 106681
153 15438 7 557282 575707 18425
467 15482 8 424277 580196 155919
147 15523 7 506362 704036 197674
266 15395 8 512186 603998 91812
118 15478 7 439602 529526 89924
75 15493 7 409163 536149 126986
210 15505 7 440118 529465 89347
277 15491 7 469791 512505 42714
86 15474 7 406840 491738 84898
120 15478 7 464886 534483 69597
265 15523 7 464129 521213 57084
370 15464 7 380935 538167 157232
98 15427 8 456926 527297 70371
330 15742 7 395276 585053 189777
242 15846 7 470517 643244 172727
192 15757 7 489776 546006 56230
302 15749 7 452909 592844 139935
276 15807 7 494451 565529 71078
381 15759 7 461224 683329 222105
118 15860 7 521348 660921 139573
176 15863 8 471958 574616 102658
447 15750 7 505007 775061 270054
238 15925 7 520165 681158 160993
392 15801 7 452486 583308 130822
436 15833 7 513578 579183 65605
197 15984 8 503155 549803 46648
51 15785 7 474838 714979 240141
159 15904 8 448853 678554 229701
190 15839 8 522385 692830 170445
198 15927 7 497853 567193 69340
382 15820 8 427018 569607 142589
199 15683 8 557772 674430 116658
267 15996 7 415792 543128 127336
242 15686 7 437411 606968 169557
190 15843 7 611063 754858 143795
476 15858 8 420550 619089 198539
335 15919 7 457077 607101 150024
141 15832 8 474887 566275 91388
584 15857 8 558725 624873 66148
63 15797 7 403060 624256 221196
202 15827 7 415650 516688 101038
318 15811 8 464913 608665 143752
69 15731 7 462948 542124 79176
286 15731 8 424747 596294 171547
205 15931 7 504400 560504 56104
191 15755 8 394542 711155 316613
172 15769 8 413754 641603 227849
223 15701 8 471177 678787 207610
377 15770 7 487287 696891 209604
229 15866 9 476145 564648 88503
420 15798 7 473609 615782 142173
267 15879 8 523605 608314 84709
110 15883 7 483086 491952 8866
482 15934 7 391667 548801 157134
116 15760 7 449204 571520 122316
87 15848 8 625768 652012 26244
313 15839 7 509694 571584 61890
310 15795 8 482417 761958 279541
727 15775 8 437926 633886 195960
214 15797 8 416458 636646 220188
107 15804 7 529150 635930 106780
299 15923 7 378766 578766 200000
529 15851 7 482430 606832 124402
129 16276 9 490921 560119 69198
8 16248 7 524281 625643 101362
137 16230 8 585996 635000 49004
216 16106 8 440179 583894 143715
370 16230 8 486193 629286 143093
80 16263 7 568139 624687 56548
128 16212 7 449343 625801 176458
117 16201 7 645482 646861 1379
216 16215 7 546046 648632 102586
303 16146 8 497323 570358 73035
209 16171 7 503592 625817 122225
110 16220 7 493792 548878 55086
328 16162 7 450858 557740 106882
132 16161 7 545078 597577 52499
418 16238 7 468020 611067 143047
178 16213 7 469738 560154 90416
267 16234 7 490137 550916 60779
587 16331 7 425069 642014 216945
157 16250 9 425073 559938 134865
246 16196 7 560411 600143 39732
167 16208 7 516013 769502 253489
424 16046 7 537058 565369 28311
392 16156 7 474269 570569 96300
475 16196 7 485252 599089 113837
250 16169 7 457515 553148 95633
177 16237 7 444768 593943 149175
284 16103 6 446421 622170 175749
485 16204 7 487497 555680 68183
342 16159 7 473695 613295 139600
74 16158 8 530299 539363 9064
398 16229 7 452195 618407 166212
253 16200 7 490601 545554 54953
376 16153 8 489529 555011 65482
442 16203 7 522656 686122 163466
289 16201 7 528247 725673 197426
299 16258 7 468082 572174 104092
376 16285 7 488604 626669 138065
126 16255 7 483104 658211 175107
259 16131 7 517856 569307 51451
53 16149 8 592294 744200 151906
690 16132 8 555331 636405 81074
308 16150 8 718985 752152 33167
46 16229 7 494626 717259 222633
232 16209 8 462055 650191 188136
202 16214 7 432694 575445 142751
369 16192 7 442988 565375 122387
176 16117 8 571954 573545 1591
307 16194 7 471973 691848 219875
361 16232 7 492390 621437 129047
146 16177 7 472541 617354 144813
243 16537 7 439230 615307 176077
329 16528 7 506082 607158 101076
521 16437 8 523771 577751 53980
410 16585 7 556960 573053 16093
122 16498 8 613886 682498 68612
135 16497 8 518509 764816 246307
171 16611 9 525837 595200 69363
257 16555 7 512554 723204 210650
172 16538 8 435135 560263 125128
259 16611 8 506810 790811 284001
371 16427 8 554323 611716 57393
321 16529 8 460815 609675 148860
173 16548 7 487079 601334 114255
499 16525 7 545746 598070 52324
218 16631 8 505226 583444 78218
266 16572 7 520837 601523 80686
454 16558 8 541016 562809 21793
496 16563 7 578448 615196 36748
183 16524 7 494136 607429 113293
90 16575 7 442593 596518 153925
276 16521 8 497151 589077 91926
272 16507 7 518894 634027 115133
406 16534 7 482604 589039 106435
362 16587 7 566307 604039 37732
162 16554 7 505612 555839 50227
415 16626 7 441795 590065 148270
274 16505 7 540846 641309 100463
304 16530 7 442955 582073 139118
288 16680 8 566461 590987 24526
210 16530 7 500076 645305 145229
283 16542 7 548073 552102 4029
131 16568 7 584586 633960 49374
208 16520 7 548934 640549 91615
184 16596 7 596336 733387 137051
60 16510 7 678116 684296 6180
476 16522 8 478083 579861 101778
509 16483 8 459293 561829 102536
179 16523 8 466593 577478 110885
426 16507 7 433105 579494 146389
140 16590 7 489685 570771 81086
144 16582 7 474579 619427 144848
394 16576 8 549949 646282 96333
168 16545 7 503817 702627 198810
135 16634 7 764817 834808 69991
387 16517 8 488535 629364 140829
152 16537 7 482803 572121 89318
92 16661 7 431341 508162 76821
62 16570 8 505712 588605 82893
387 16500 6 491142 686542 195400
212 16421 8 521908 529930 8022
73 16861 7 543097 605213 62116
159 16889 7 467429 536266 68837
401 17059 7 598802 639950 41148
179 16890 9 542364 709845 167481
148 16982 8 503989 623795 119806
262 16910 7 490165 627018 136853
286 17086 7 539629 643567 103938
166 16945 7 465327 591472 126145
396 16897 7 530684 611119 80435
330 16908 7 526529 582013 55484
74 16927 7 489494 608003 118509
436 16874 8 508055 664502 156447
124 16925 7 481267 602304 121037
543 16784 7 514016 818203 304187
165 16922 8 485808 621199 135391
386 16984 7 486814 633403 146589
256 16878 8 542993 651055 108062
140 16952 9 504737 648829 144092
92 16878 7 654911 686950 32039
228 16822 7 519639 648399 128760
317 16958 9 546771 648179 101408
143 16942 7 552116 603356 51240
417 16826 7 606649 616103 9454
447 16907 8 566570 650571 84001
353 16921 7 462749 668429 205680
647 17009 7 417802 577159 159357
321 16904 7 635100 661001 25901
250 16825 7 479083 626660 147577
391 16945 7 480164 556067 75903
218 16877 8 553137 658339 105202
72 17085 9 521614 560468 38854
280 16949 8 591813 689009 97196
278 17049 7 569361 588396 19035
420 16968 8 535663 662676 127013
351 16932 7 622300 629839 7539
201 16960 8 524376 586498 62122
244 16852 7 504795 654162 149367
144 16965 7 458946 557925 98979
369 16970 7 512753 661820 149067
318 16989 8 492957 606918 113961
106 16998 8 516005 648809 132804
696 17050 7 459772 614317 154545
222 17065 9 481560 633110 151550
131 16879 8 580716 609543 28827
214 16895 7 460527 608263 147736
212 16864 7 501760 649892 148132
145 16991 7 536641 633579 96938
327 16901 8 494879 583118 88239
287 16885 7 526011 729292 203281
289 16963 8 525943 630497 104554
166 17240 8 533590 655657 122067
540 17349 7 565674 661609 95935
177 17376 7 474953 717654 242701
55 17190 7 518148 663986 145838
100 17331 8 618557 719171 100614
494 17345 7 599568 666943 67375
193 17290 8 455611 589089 133478
149 17468 7 596338 626548 30210
91 17220 8 447850 595297 147447
397 17388 7 517435 640052 122617
400 17299 6 497646 645816 148170
459 17304 8 526724 662960 136236
658 17314 8 624729 697718 72989
54 17303 8 509579 669284 159705
368 17237 7 628388 642727 14339
218 17479 7 661050 790052 129002
231 17320 7 632153 680972 48819
369 17279 7 556949 681634 124685
151 17237 8 497664 606583 108919
334 17377 7 461554 609474 147920
219 17239 7 554727 625295 70568
150 17345 7 477293 660443 183150
422 17200 7 608451 694099 85648
136 17390 8 530681 623119 92438
259 17315 7 604972 620347 15375
175 17265 7 502081 658718 156637
329 17377 7 529655 757379 227724
218 17300 8 517384 736414 219030
183 17299 8 524605 699015 174410
265 17221 7 610678 685994 75316
442 17153 8 587398 648704 61306
150 17237 8 470593 598871 128278
352 17349 8 482196 680589 198393
202 17226 7 503344 628209 124865
290 17188 8 486601 600044 113443
211 17267 7 507311 766367 259056
125 17300 7 499222 643320 144098
58 17177 7 445046 771539 326493
343 17281 7 484249 703276 219027
497 17398 8 695501 739384 43883
568 17125 7 447427 636947 189520
374 17270 6 561516 586099 24583
533 17291 7 536242 612427 76185
129 17312 8 591723 803574 211851
257 17401 7 620611 686446 65835
227 17304 7 545034 637368 92334
182 17115 8 557176 634298 77122
237 17442 7 464895 623727 158832
264 17289 7 608200 639892 31692
545 17122 7 493785 647872 154087
311 17548 7 476948 635184 158236
96 17642 8 502719 614143 111424
506 17668 8 428054 742240 314186
61 17787 7 526514 698402 171888
358 17631 7 662037 810022 147985
365 17660 8 545523 719622 174099
364 17730 7 591679 670644 78965
90 17618 8 506197 720003 213806
193 17724 8 605479 629861 24382
378 17671 7 561296 620683 59387
543 17636 7 534999 649942 114943
228 17712 6 539812 592019 52207
190 17735 9 534023 623513 89490
203 17709 7 556528 619831 63303
108 17519 7 511708 754836 243128
340 17515 7 582339 666614 84275
228 17622 7 573703 714675 140972
194 17729 9 576428 665543 89115
294 17711 8 661152 711562 50410
171 17641 7 484514 682498 197984
103 17768 8 527932 611583 83651
452 17737 10 569759 787721 217962
373 17697 7 505468 676898 171430
178 17522 7 527846 614326 86480
405 17637 7 538808 606873 68065
320 17635 8 464174 610179 146005
377 17642 7 456501 861491 404990
151 17705 8 490154 680596 190442
134 17608 8 551898 613336 61438
509 17621 6 529116 626278 97162
619 17633 7 540701 593188 52487
210 17754 9 737475 826152 88677
108 17766 7 548522 580592 32070
291 17682 7 489662 711017 221355
328 17759 7 494703 792937 298234
122 17693 7 607838 687146 79308
411 17616 7 665376 691368 25992
574 17610 8 485040 672480 187440
385 17601 8 683960 744986 61026
260 17640 7 533651 571024 37373
673 17659 8 481835 607041 125206
212 17636 7 525058 612528 87470
220 17538 7 632581 667525 34944
131 17643 8 500361 558392 58031
372 17733 9 608950 745562 136612
204 17737 8 606370 677613 71243
230 17722 7 443293 671549 228256
151 17663 8 478689 663461 184772
521 17636 8 502517 689314 186797
240 17670 7 536465 642983 106518
313 17993 7 478394 700490 222096
298 17992 7 613650 654750 41100
280 18038 7 517042 948265 431223
519 18197 8 520950 775256 254306
246 18017 7 659469 867676 208207
468 18075 8 478566 630055 151489
125 17966 7 525247 792798 267551
187 17916 8 530357 729863 199506
521 17961 7 611508 745273 133765
505 18095 7 543676 585770 42094
537 18048 7 580740 746581 165841
335 18073 8 660813 727180 66367
239 17949 8 720554 738380 17826
239 17948 7 539555 818937 279382
357 18020 7 531368 656574 125206
266 18107 8 613565 693777 80212
185 17982 7 524221 698878 174657
210 18013 8 479580 678993 199413
73 17978 7 533105 620567 87462
483 17978 7 462691 631585 168894
317 17947 7 509727 746029 236302
475 17919 7 574434 666394 91960
528 17933 9 570828 701355 130527
400 17991 8 481600 776345 294745
538 18099 7 491088 638410 147322
300 18008 7 489154 709183 220029
441 18027 9 501048 679027 177979
153 18019 7 569398 760675 191277
245 18019 8 633181 645952 12771
109 17984 7 488525 754182 265657
82 18009 9 583857 665101 81244
180 18007 7 534570 609034 74464
206 18152 7 503431 591933 88502
216 18012 7 496548 629700 133152
149 17939 8 495183 759176 263993
161 18060 8 560775 627999 67224
273 17859 7 521711 595980 74269
334 18072 7 481322 615215 133893
311 18087 7 530696 961348 430652
419 17993 7 530561 609517 78956
224 18026 7 519025 763152 244127
36 18022 8 493728 710735 217007
131 18029 7 559622 701112 141490
392 18096 8 574593 698946 124353
847 17905 8 547996 658796 110800
208 17931 7 536481 741823 205342
220 17968 7 438264 688706 250442
158 17998 8 489998 622653 132655
129 18000 7 513766 806671 292905
253 18106 8 526923 674199 147276
298 18362 7 498593 638310 139717
157 18375 7 569090 741531 172441
155 18421 8 489637 654138 164501
481 18372 7 716893 768954 52061
366 18416 8 691689 711334 19645
229 18395 8 637124 808852 171728
145 18490 7 531701 640603 108902
426 18387 8 604920 715326 110406
388 18425 8 530936 725212 194276
632 18264 7 687680 739368 51688
344 18322 7 458662 653407 194745
204 18354 8 566375 766190 199815
322 18457 7 567388 636484 69096
400 18459 7 486477 636960 150483
149 18318 7 587574 687481 99907
536 18379 7 458334 643993 185659
164 18339 7 534554 614708 80154
224 18366 7 550508 742633 192125
214 18369 7 666849 707782 40933
87 18379 8 537636 741340 203704
74 18485 8 569883 636258 66375
69 18456 8 522053 665086 143033
209 18362 8 549065 575792 26727
329 18410 7 571571 770118 198547
6 18495 7 501653 605043 103390
236 18429 8 507462 674961 167499
10 18475 7 514156 699203 185047
72 18447 7 597833 631315 33482
544 18388 8 502668 807248 304580
554 18350 7 579234 744692 165458
463 18355 7 492309 670542 178233
114 18409 8 494072 715187 221115
362 18413 7 496451 751388 254937
396 18390 7 505383 710449 205066
280 18393 7 594054 744690 150636
360 18412 7 593570 750760 157190
256 18446 7 572221 703260 131039
68 18504 8 501666 656862 155196
372 18456 9 516858 637252 120394
324 18559 8 506133 677234 171101
314 18243 6 518126 681920 163794
83 18494 7 586930 702458 115528
260 18419 7 552956 865337 312381
235 18492 8 540316 587170 46854
425 18402 9 500682 626529 125847
270 18300 8 624641 656780 32139
66 18565 7 526501 895409 368908
407 18440 7 612674 667473 54799
81 18392 7 670192 714895 44703
449 18368 7 522725 690556 167831
