125 29884 8 884883 1157203 272320
309 29909 8 1080921 1178077 97156
73 29926 7 932007 1069157 137150
257 29765 8 886059 1156676 270617
443 29769 8 950626 1275598 324972
349 29787 8 1000734 1071265 70531
545 29742 8 938924 1392471 453547
370 29765 7 970939 1054778 83839
457 29711 7 1039421 1109233 69812
599 29821 7 1057996 1232562 174566
182 29833 8 1072532 1076792 4260
478 29695 7 1173633 1238897 65264
630 29789 8 906464 1148506 242042
356 29796 8 902160 1195775 293615
427 29870 8 993130 1198762 205632
410 29841 10 1002614 1178927 176313
378 29773 7 889737 1084495 194758
692 29754 8 859936 1105754 245818
702 29859 7 1039553 1067086 27533
146 29767 7 878144 1041475 163331
748 29961 9 1005826 1146077 140251
428 29803 8 1175164 1304654 129490
501 29703 7 918576 1296914 378338
97 29745 7 967516 996213 28697
305 29862 8 892277 1131539 239262
321 29886 8 815497 1025066 209569
411 29825 8 1110893 1226729 115836
138 29818 7 1016813 1514130 497317
326 29721 7 998230 1194196 195966
195 29982 7 939456 1176859 237403
173 29859 8 984242 1155417 171175
190 29784 7 925728 1265159 339431
176 29733 9 1030894 1093076 62182
449 29798 7 947417 1218202 270785
373 29836 7 1152006 1184764 32758
85 29796 8 1097273 1147269 49996
262 29856 7 809009 1108963 299954
480 29843 8 972889 1110865 137976
655 29671 9 852187 1359578 507391
498 29750 8 896527 1089803 193276
140 29528 8 1039715 1203144 163429
86 29944 7 843817 1194356 350539
311 29866 7 945294 1175954 230660
284 29826 7 936457 1030049 93592
247 29744 8 1109921 1190914 80993
111 29797 8 1053073 1147027 93954
448 29924 8 971038 1091984 120946
393 29618 7 818182 1303158 484976
49 29781 8 894909 1197686 302777
316 29641 7 1128868 1166464 37596
265 30173 7 871353 1108226 236873
424 30227 7 839768 1170922 331154
398 30165 8 988664 1118627 129963
528 30043 7 988896 1130643 141747
271 30146 7 1090745 1170982 80237
330 30204 8 878243 1106657 228414
380 29882 7 1173573 1176323 2750
503 30317 7 999328 1192066 192738
120 30121 7 809817 1036249 226432
438 30099 8 944735 1179660 234925
428 30066 7 1021958 1167629 145671
455 30051 8 1170455 1332913 162458
33 30144 8 1101684 1216176 114492
378 30266 7 986722 1257108 270386
344 30209 8 898460 1078880 180420
510 30044 7 927304 1070191 142887
169 30161 7 1089150 1245681 156531
229 30188 8 908514 1298707 390193
271 30102 8 1040323 1049409 9086
100 30118 8 942383 1182816 240433
276 30053 8 1032482 1351595 319113
473 30118 7 1004544 1164877 160333
202 30225 9 875559 1230864 355305
57 30179 7 816875 1240145 423270
262 30038 7 917367 1169408 252041
433 30231 7 953848 1145051 191203
92 30128 8 1234296 1280816 46520
52 30068 9 938279 1169900 231621
124 30000 7 1021081 1259966 238885
219 30148 9 1068257 1170260 102003
477 30300 8 1041513 1288036 246523
119 30290 8 950851 990798 39947
75 30074 8 937508 1155397 217889
514 30092 8 1143969 1388217 244248
672 30307 7 934687 1167152 232465
325 30094 7 867599 1086991 219392
154 30164 7 1266212 1281926 15714
451 30127 7 982174 1211854 229680
236 30184 7 1014875 1215387 200512
580 29975 9 897833 1171807 273974
97 30021 8 881201 1142952 261751
175 30233 7 910410 1065400 154990
671 30164 8 852075 1249257 397182
108 30135 8 909610 1228630 319020
432 30118 7 1279785 1353111 73326
114 30064 8 883911 1074863 190952
420 30230 7 1037137 1219190 182053
664 30188 7 1035349 1245124 209775
435 30213 8 947692 1438853 491161
335 30080 7 1002810 1237043 234233
362 30618 7 1214144 1281231 67087
468 30358 8 1037543 1263063 225520
169 30479 7 941587 1159100 217513
263 30541 8 1151874 1357686 205812
342 30471 9 965106 1359982 394876
600 30640 8 1018997 1209048 190051
298 30437 8 1008008 1388810 380802
465 30482 8 866821 1095030 228209
50 30459 7 817009 1132224 315215
348 30325 7 841934 1070515 228581
552 30537 8 970663 1257547 286884
108 30466 8 1128819 1153497 24678
385 30602 7 1096948 1370709 273761
1060 30610 8 891245 1157034 265789
625 30529 7 960526 1217900 257374
517 30546 8 927573 1185960 258387
323 30513 8 1097876 1148108 50232
335 30509 9 960002 1335066 375064
500 30425 8 951241 1049779 98538
347 30333 7 959982 1356740 396758
809 30467 7 1065654 1339077 273423
808 30570 7 915131 1401825 486694
518 30633 7 1366017 1472532 106515
87 30501 7 1061289 1196720 135431
214 30446 8 932234 1147394 215160
175 30714 8 895645 1117394 221749
498 30483 7 868726 1321876 453150
44 30486 7 920548 1287097 366549
543 30646 7 941702 1186653 244951
565 30604 8 939476 1277602 338126
94 30524 8 1039947 1311633 271686
394 30610 7 964096 1294410 330314
393 30579 7 1075984 1214873 138889
396 30613 9 1113230 1261397 148167
639 30464 8 831036 1239464 408428
600 30621 8 1120123 1244022 123899
425 30610 8 986324 1273860 287536
208 30314 8 1171772 1176893 5121
405 30595 8 1015462 1249053 233591
616 30412 7 878675 1109528 230853
223 30458 8 890988 1368600 477612
229 30663 7 1037900 1133508 95608
540 30577 8 908227 1140806 232579
364 30569 7 1030622 1325712 295090
587 30407 7 889526 1219198 329672
247 30602 8 869790 1092683 222893
126 30410 7 1210318 1246178 35860
263 30522 8 871906 1090726 218820
71 30592 7 914693 1120675 205982
589 30619 8 958217 1270563 312346
75 30994 8 1053397 1250020 196623
302 30882 8 879542 1190154 310612
310 30955 8 956410 1094933 138523
803 30826 7 1132704 1510057 377353
201 31026 8 880249 1231197 350948
187 30956 8 1052218 1239492 187274
530 30803 8 981355 1133163 151808
467 30963 8 1072008 1356242 284234
203 30960 7 925220 1329742 404522
285 30848 7 956349 1361092 404743
272 31069 8 1081261 1255658 174397
98 31004 8 928062 1432677 504615
303 31056 8 1078296 1174189 95893
258 30993 7 1098768 1105971 7203
179 30891 7 902174 1216936 314762
114 30971 7 1037065 1143402 106337
539 30873 9 933831 1462593 528762
438 30873 8 949458 1097326 147868
276 30906 7 1006179 1248578 242399
219 31158 8 1030347 1115605 85258
154 30794 8 973071 1498624 525553
307 30754 7 1048003 1267800 219797
122 30831 8 886844 1253956 367112
543 30904 7 893966 1109669 215703
352 30714 7 995944 1184379 188435
384 30819 8 871130 1085907 214777
211 31005 8 915788 1113606 197818
399 30785 7 1058336 1327733 269397
297 30916 8 1032102 1194282 162180
212 30814 7 932308 1249600 317292
101 30878 7 1020486 1350533 330047
70 30890 8 1135533 1158661 23128
162 30889 7 1047228 1169937 122709
493 30931 7 958116 1356137 398021
343 30926 8 982372 1234718 252346
346 30905 8 1159266 1475406 316140
84 30873 8 1033138 1424369 391231
622 30812 8 950138 1124562 174424
265 30906 7 962978 1436355 473377
479 30855 8 940089 1045587 105498
275 30870 8 1428161 1446853 18692
256 31037 9 925105 1151858 226753
851 30713 7 1013204 1168121 154917
735 30812 8 1125873 1178262 52389
437 30949 7 1113528 1174294 60766
247 30905 8 1047891 1140569 92678
527 30688 7 958324 1139839 181515
372 30884 8 978547 1255451 276904
172 30939 7 972053 1149181 177128
241 30882 8 969980 1442331 472351
314 31401 8 851145 1157109 305964
293 31135 7 1002711 1279289 276578
68 31381 7 1188050 1191922 3872
332 31293 7 1145846 1208601 62755
479 31212 7 1061986 1178708 116722
591 31339 7 945017 1404266 459249
596 31243 7 1204909 1224395 19486
674 31270 8 991145 1199370 208225
182 31304 7 916372 1347891 431519
592 31256 9 998700 1170116 171416
296 31217 7 988378 1188625 200247
655 31250 7 1239501 1387511 148010
401 31175 8 962036 1214001 251965
243 31287 7 1123112 1569761 446649
252 31162 8 1078870 1362622 283752
465 31344 7 1036340 1283285 246945
241 31173 7 1090807 1256313 165506
305 31227 8 921948 1103767 181819
585 31214 8 952548 1244795 292247
509 31030 7 994652 1164058 169406
445 31174 8 985846 1211071 225225
253 31108 8 955741 1236119 280378
260 31250 7 1038529 1199404 160875
436 31122 8 1006580 1209299 202719
540 31264 7 894879 1399416 504537
132 31281 8 983194 1187690 204496
434 31288 8 920882 1358430 437548
56 31286 7 1074367 1510160 435793
289 31357 9 1056060 1328680 272620
160 31182 7 1070969 1092932 21963
19 31334 8 968216 1162934 194718
420 31317 9 997148 1145969 148821
464 31279 7 872811 1172294 299483
285 31220 7 1050985 1276711 225726
370 31246 8 940954 1102375 161421
232 31267 7 1023039 1252136 229097
713 31228 9 1312560 1441970 129410
69 31160 8 1034636 1236300 201664
458 31288 8 1006842 1152453 145611
592 31208 7 975527 1093256 117729
327 31279 7 975282 1180564 205282
108 31274 8 1370794 1419614 48820
378 31267 8 1001134 1109242 108108
296 31282 7 846508 1376115 529607
366 31165 8 1009492 1160299 150807
299 31440 8 908295 1170326 262031
339 31168 7 919378 1197608 278230
99 31412 7 1059862 1233534 173672
398 31340 8 872480 1099638 227158
384 31269 7 984485 1258838 274353
317 31506 8 915517 1176530 261013
438 31769 8 828415 1107016 278601
220 31499 7 888894 1155656 266762
678 31442 8 986553 1297256 310703
153 31587 9 1022509 1116112 93603
505 31682 7 977773 1266693 288920
281 31793 7 1106379 1135636 29257
533 31733 7 909301 1264955 355654
68 31615 7 819599 1087463 267864
304 31655 7 1051352 1237975 186623
505 31716 8 921294 1124405 203111
299 31605 8 992906 1337846 344940
528 31561 8 1137644 1428963 291319
629 31597 8 1107656 1348924 241268
331 31522 7 1046932 1400711 353779
256 31699 7 1203796 1479737 275941
353 31687 7 1115832 1153176 37344
393 31806 9 948085 1374585 426500
385 31616 7 843505 1105013 261508
442 31578 8 1017195 1123707 106512
188 31619 7 1001037 1297905 296868
295 31595 8 869108 1195734 326626
319 31728 8 865007 1220616 355609
294 31711 8 979554 1199636 220082
136 31702 7 1014609 1176243 161634
359 31560 7 920573 1237350 316777
487 31747 9 1048776 1244625 195849
78 31804 8 853713 1278017 424304
141 31597 8 1328058 1481915 153857
202 31708 9 1035551 1103489 67938
570 31628 7 1059316 1158244 98928
334 31598 7 970540 1195704 225164
505 31642 8 1108486 1332429 223943
425 31495 8 918056 1475958 557902
485 31611 8 1210791 1256076 45285
518 31580 7 908262 1179988 271726
260 31682 9 1095101 1367552 272451
102 31634 7 1112086 1215966 103880
700 31662 7 976657 1132772 156115
477 31583 7 973372 1289415 316043
207 31597 7 1109079 1206591 97512
474 31509 8 863882 1256441 392559
306 31543 7 1086778 1276599 189821
249 31541 7 1189074 1306798 117724
278 31767 8 1238667 1328217 89550
281 31638 8 1054939 1387038 332099
155 31697 7 1123653 1417686 294033
432 31647 8 1031246 1200240 168994
562 31863 9 996881 1529427 532546
191 31740 7 1022884 1151685 128801
438 32175 7 1098279 1409155 310876
271 32116 8 956561 1273843 317282
468 32176 7 950811 1159800 208989
128 31918 8 1020364 1418272 397908
669 32019 8 896454 1256190 359736
786 31980 8 1055424 1106807 51383
479 32026 9 1205064 1238145 33081
488 32141 8 979538 1289134 309596
430 32094 8 1033302 1118975 85673
164 32100 8 1043665 1273063 229398
197 31970 8 1112895 1399060 286165
395 32027 8 954971 1343045 388074
371 31907 8 935179 1183418 248239
253 32004 9 980597 1168506 187909
331 31941 8 1113099 1172436 59337
260 31795 8 1050651 1342693 292042
691 31918 9 918995 1229386 310391
579 31906 8 945445 1125663 180218
474 32093 8 1092396 1196430 104034
456 31977 7 1012892 1264940 252048
322 32107 7 956037 1193388 237351
298 32160 8 933630 1153604 219974
766 32026 8 965915 1383541 417626
394 31894 8 1127642 1359256 231614
640 31995 8 1037006 1221348 184342
208 32024 8 1125524 1173938 48414
88 32187 7 1021062 1079876 58814
369 32229 8 1112592 1203121 90529
453 32045 7 1069419 1207885 138466
177 31948 8 1162283 1321203 158920
357 32066 8 957477 1566802 609325
116 31918 8 1069216 1316547 247331
216 32013 7 1054621 1149093 94472
529 31927 8 1087709 1259123 171414
680 31842 7 1219914 1289270 69356
738 32115 7 982970 1497557 514587
298 32084 7 1033889 1271827 237938
109 31938 10 999253 1169576 170323
146 31975 7 1044248 1158181 113933
458 31931 9 1226910 1260555 33645
338 31939 7 954885 1293579 338694
409 31894 8 1612389 1835849 223460
151 32041 8 958216 1206538 248322
472 31982 7 1079207 1170096 90889
126 32155 7 1072607 1264912 192305
501 32035 8 969254 1208133 238879
796 31958 8 1002777 1328102 325325
408 32109 8 969110 1315064 345954
398 32067 8 944090 1190900 246810
917 31943 7 967523 1177031 209508
134 32320 7 939902 1210011 270109
76 32361 9 960817 1343022 382205
158 32463 7 1048651 1509638 460987
120 32319 7 1019351 1078935 59584
155 32404 10 1072293 1209105 136812
488 32339 8 1159112 1286211 127099
451 32292 7 1024736 1159529 134793
314 32342 8 1006745 1210763 204018
470 32197 8 1157205 1259581 102376
170 32509 8 912479 1312596 400117
800 32534 7 968011 1383625 415614
383 32433 7 1134561 1233212 98651
150 32445 7 995964 1237685 241721
219 32316 7 1005528 1155185 149657
341 32273 8 1100962 1284583 183621
446 32301 8 1081729 1203259 121530
160 32587 8 1288894 1401966 113072
179 32263 7 1115727 1146054 30327
145 32389 9 1157154 1492465 335311
250 32394 8 971070 1299186 328116
358 32286 8 932187 1050318 118131
315 32404 8 991743 1153801 162058
296 32439 8 1075026 1209743 134717
383 32472 7 1150978 1213600 62622
670 32346 7 1042350 1149575 107225
154 32369 8 1142060 1408407 266347
397 32416 8 1133110 1255208 122098
440 32335 7 1271175 1343216 72041
530 32426 7 896690 1175515 278825
485 32284 8 1197948 1346185 148237
418 32406 8 972801 1173102 200301
221 32311 7 1069349 1626982 557633
399 32406 8 909561 1558113 648552
679 32366 8 1083128 1139029 55901
359 32281 8 1029557 1162845 133288
410 32364 8 1101618 1597417 495799
415 32274 7 983241 1160398 177157
217 32238 8 1113746 1168228 54482
185 32303 8 1054075 1336899 282824
421 32498 8 1264142 1376751 112609
128 32347 8 902917 1228693 325776
778 32298 7 1432850 1454982 22132
717 32617 7 1088761 1186201 97440
816 32332 8 939929 1038016 98087
702 32289 8 959902 1293215 333313
216 32411 10 1096396 1396171 299775
308 32276 7 1023681 1348732 325051
240 32268 7 1167564 1210649 43085
165 32391 7 1201110 1458222 257112
529 32494 7 1285928 1481220 195292
151 32565 8 1191895 1387056 195161
157 32812 8 1025654 1230337 204683
682 32631 7 960023 1151053 191030
846 32776 7 922347 1533087 610740
276 32818 7 975169 1267530 292361
584 32819 9 1238774 1255166 16392
174 32709 7 981164 1199238 218074
607 32788 7 1299883 1453317 153434
383 32886 8 1062318 1244299 181981
384 32788 7 1301709 1343172 41463
247 32703 8 1083872 1273645 189773
628 32761 9 957694 1328997 371303
338 32904 8 985329 1478774 493445
262 32693 8 954551 1150540 195989
215 32750 9 1028681 1360000 331319
356 32674 7 1016610 1291234 274624
549 32730 7 1078554 1385141 306587
751 32879 7 1275462 1403305 127843
486 32722 9 1139771 1316828 177057
117 32627 8 1204807 1333658 128851
14 32844 7 1202231 1575451 373220
215 32627 7 993826 1539530 545704
213 32594 8 999003 1400862 401859
311 32741 8 1308773 1513330 204557
373 32693 8 1134712 1501692 366980
400 32752 8 1112852 1722298 609446
387 32770 7 1181010 1335310 154300
192 32691 7 962511 1318608 356097
197 32814 8 1671562 1736357 64795
621 32871 8 1015687 1209289 193602
329 32759 7 1007671 1237814 230143
624 32742 7 1027127 1176679 149552
285 32618 7 1074105 1317960 243855
114 32554 9 1016886 1458658 441772
228 32632 8 1442798 1535853 93055
472 32743 8 1263513 1306975 43462
161 32585 9 1150386 1192347 41961
387 32913 8 959649 1288557 328908
155 32681 7 943774 1352128 408354
147 32777 8 1148321 1396874 248553
215 32546 8 1076634 1281998 205364
475 32862 8 1135071 1304122 169051
286 32684 7 1106465 1272960 166495
145 32824 7 1118456 1338648 220192
354 32738 8 1658269 1684179 25910
217 32899 8 1033572 1269824 236252
322 32911 7 1069567 1237417 167850
787 32767 7 1183667 1212784 29117
544 32760 7 1123449 1212443 88994
296 32538 7 954139 1196238 242099
385 33132 8 1021069 1229768 208699
579 33187 8 953037 1267777 314740
200 33066 7 1423490 1495810 72320
344 33382 8 1120952 1376018 255066
126 33250 8 899942 1465782 565840
302 33065 8 1092468 1422741 330273
885 33211 8 1197249 1355622 158373
191 33158 7 1077936 1282820 204884
359 33135 7 1220660 1441485 220825
659 32945 7 1031346 1305146 273800
627 33117 10 957948 1457043 499095
816 33071 7 965323 1302936 337613
225 33235 8 1013522 1187145 173623
288 33101 7 1092026 1230312 138286
325 33233 8 912976 1157274 244298
859 33179 7 1001843 1403468 401625
244 32971 7 919484 1415148 495664
560 33121 7 1116772 1456648 339876
739 33034 7 907762 1304832 397070
349 33161 8 872273 1251489 379216
260 33050 8 1087688 1269913 182225
94 33203 7 1003618 1319480 315862
438 33057 8 1234593 1279728 45135
540 33008 9 1023646 1283172 259526
205 32963 7 999483 1464751 465268
430 33138 7 1018108 1386454 368346
492 33280 7 1077155 1361148 283993
448 33136 8 965716 1165946 200230
245 33198 8 1085327 1259019 173692
282 33036 9 992938 1574137 581199
319 33128 7 1084044 1244580 160536
134 32981 7 888421 1235950 347529
573 33108 9 1053334 1105607 52273
126 32941 8 1007778 1246763 238985
454 33133 8 1091512 1305596 214084
990 33113 8 1021480 1231065 209585
248 33131 8 1251448 1287718 36270
279 33126 8 1038162 1329590 291428
507 33262 9 1085359 1170948 85589
460 33214 7 977621 1330912 353291
271 33280 8 1173469 1339761 166292
425 33091 8 960234 1263807 303573
114 33106 7 1178346 1516416 338070
132 33207 6 1462389 1558303 95914
363 33149 8 1065676 1314241 248565
313 33196 7 925523 1132897 207374
241 33007 7 1005166 1288111 282945
335 33127 8 1349594 1366677 17083
154 32987 7 1094940 1384826 289886
105 33034 8 1021751 1660145 638394
