337 7750 8 177446 287366 109920
81 7760 8 212802 240037 27235
42 7646 6 227335 288859 61524
144 7626 7 189847 249380 59533
155 7716 7 225736 280865 55129
206 7699 9 236048 309203 73155
408 7792 8 195421 279245 83824
226 7792 6 197682 255360 57678
126 7725 7 218271 276330 58059
178 7671 8 218228 314792 96564
258 7661 8 209350 287163 77813
350 7651 9 203886 307306 103420
120 7708 7 232391 268922 36531
267 7722 8 285095 290060 4965
201 7830 8 186629 259226 72597
129 7699 8 202328 322881 120553
125 7757 7 250553 272245 21692
214 7721 7 279111 283976 4865
187 7786 8 235391 255758 20367
92 7734 8 260580 285572 24992
227 7673 7 226751 287792 61041
67 7704 8 240964 262201 21237
186 7779 6 220966 267224 46258
378 7786 7 198402 261412 63010
141 7606 7 235160 293882 58722
235 7750 6 210453 245613 35160
412 7739 6 218448 265427 46979
148 7710 7 189241 248198 58957
167 7757 7 216380 298898 82518
279 7733 7 218574 234738 16164
114 7640 6 195356 294207 98851
87 7701 7 203577 241954 38377
124 7666 7 218992 290854 71862
228 7794 6 225437 257594 32157
155 7784 8 177728 265301 87573
206 7752 7 215877 266948 51071
282 7759 7 203279 258300 55021
84 7691 7 192562 291810 99248
86 7659 7 251715 279761 28046
416 7630 7 204408 261100 56692
169 7708 7 236330 274834 38504
246 7763 7 239475 264492 25017
313 7735 8 278835 332768 53933
160 7705 7 183682 247212 63530
177 7766 7 191672 255128 63456
222 7678 7 199069 225082 26013
211 7789 7 204672 305769 101097
163 7687 7 214326 266566 52240
171 7657 7 214625 260063 45438
188 7732 7 221046 251471 30425
235 8081 6 237102 284413 47311
190 8138 7 231002 291183 60181
276 8156 8 235774 302488 66714
260 8108 7 218804 269019 50215
33 8029 7 210061 259631 49570
67 8052 7 258738 285206 26468
312 8119 8 196606 270584 73978
236 8124 7 203591 259012 55421
57 8093 7 217982 329826 111844
278 8079 7 197506 293775 96269
181 8058 7 236961 310620 73659
173 8126 8 232176 328730 96554
433 8065 7 213707 280006 66299
291 8097 7 223712 252632 28920
41 8089 6 257545 296973 39428
71 8128 7 220322 300296 79974
179 8012 7 241182 250458 9276
49 8164 7 216266 284440 68174
243 8028 7 205232 274073 68841
293 8057 7 187516 306231 118715
150 8068 7 207987 254119 46132
56 8102 8 225144 292281 67137
263 8069 7 268261 284834 16573
45 8146 8 203585 277996 74411
109 8184 7 232191 299436 67245
211 8075 7 299114 344802 45688
56 8105 7 225108 273629 48521
345 8130 7 247049 273769 26720
90 8098 7 262436 324855 62419
310 8090 7 239085 262995 23910
214 8159 8 216481 315032 98551
231 8017 7 205078 271709 66631
355 8233 6 228525 270156 41631
189 8073 8 209600 335580 125980
152 8119 6 209920 260491 50571
120 8099 7 226906 250464 23558
63 8079 7 267397 280778 13381
193 8100 6 206110 318519 112409
58 8061 8 240150 313156 73006
110 8073 6 215051 258428 43377
210 8153 8 288850 372096 83246
166 8049 7 231146 328526 97380
139 8031 7 263537 339607 76070
114 8099 6 224751 260869 36118
155 8062 7 216562 276983 60421
133 8124 7 213539 258812 45273
218 8115 8 222243 255927 33684
113 8108 6 235032 279930 44898
267 8085 7 218890 301519 82629
82 8123 6 216761 267832 51071
206 8382 7 272886 289855 16969
210 8528 7 264915 369424 104509
180 8442 7 252294 298700 46406
68 8495 7 220615 299894 79279
175 8466 6 218555 312676 94121
135 8391 7 214987 273492 58505
179 8367 7 217146 289193 72047
327 8479 8 243705 299574 55869
85 8497 7 192583 276188 83605
58 8487 8 216325 263825 47500
192 8420 8 242875 300278 57403
138 8430 8 248746 275987 27241
130 8461 7 240941 407829 166888
154 8505 7 234628 282952 48324
380 8446 7 249825 287560 37735
300 8409 7 222648 305415 82767
107 8429 8 225388 329522 104134
114 8500 7 258967 301669 42702
154 8435 6 203905 313234 109329
93 8418 7 246376 281774 35398
92 8443 7 271607 301539 29932
164 8490 6 252080 262445 10365
82 8446 7 210823 337868 127045
384 8531 8 214175 316405 102230
217 8493 7 240667 294203 53536
139 8392 7 224795 303049 78254
149 8544 6 402593 466496 63903
243 8489 7 287396 362017 74621
268 8461 8 315311 316571 1260
176 8409 8 236448 284966 48518
161 8453 7 262286 269877 7591
287 8522 6 239989 264099 24110
107 8440 6 294523 408954 114431
100 8393 6 246630 325575 78945
78 8458 9 219363 395299 175936
123 8475 7 239455 270085 30630
159 8495 7 230158 319221 89063
175 8449 8 279691 301361 21670
289 8482 6 251845 302430 50585
74 8431 7 208558 384169 175611
348 8431 6 261081 315427 54346
385 8475 7 222740 276333 53593
190 8503 6 304115 332846 28731
94 8477 8 243493 389030 145537
202 8535 7 256093 318060 61967
94 8484 7 229582 268948 39366
112 8458 7 301619 314274 12655
61 8398 8 220984 318223 97239
355 8509 7 238363 268475 30112
239 8348 7 236696 278734 42038
250 8717 7 269576 335808 66232
216 8809 7 232658 327173 94515
139 8798 8 240241 298965 58724
62 8956 7 215826 300768 84942
112 8752 9 223638 316948 93310
250 8808 7 234996 332990 97994
139 8835 7 249940 361403 111463
129 8833 7 289990 371705 81715
80 8793 8 295599 349792 54193
280 8900 9 239938 266312 26374
169 8878 7 239202 323840 84638
332 8843 7 259744 400394 140650
262 8785 7 278230 305639 27409
333 8784 7 237490 297801 60311
51 8779 8 236398 346152 109754
127 8867 7 272072 299572 27500
297 8858 7 256353 295426 39073
152 8903 7 187129 284969 97840
257 8812 7 303698 346976 43278
122 8842 7 241965 305539 63574
318 8810 6 236027 290004 53977
189 8801 7 229468 353346 123878
277 8939 8 219403 280512 61109
224 8868 7 258910 367004 108094
81 8718 7 319967 379995 60028
286 8815 7 229616 365192 135576
145 8780 8 272170 296824 24654
284 8739 8 264617 333211 68594
64 8877 8 238245 363548 125303
192 8882 8 247478 397318 149840
201 8922 7 232069 331639 99570
375 8806 8 223147 297469 74322
38 8831 7 238858 287080 48222
204 8840 7 257353 320473 63120
161 8804 9 278053 318352 40299
323 8822 7 257029 334651 77622
311 8882 7 258444 372020 113576
330 8793 7 255411 328122 72711
179 8782 7 314327 350532 36205
178 8824 6 238553 356704 118151
199 8836 8 249257 289700 40443
165 8764 8 241059 306449 65390
186 8790 8 237510 338272 100762
63 8810 6 313590 327149 13559
262 8827 7 297796 351575 53779
61 8741 8 281090 324644 43554
149 8762 7 259498 279406 19908
99 8785 7 244254 335560 91306
54 8847 6 247446 324332 76886
191 8861 7 262993 344859 81866
46 9221 7 247191 333837 86646
60 9161 7 250390 355008 104618
210 9215 7 267989 338447 70458
129 9308 7 241985 346651 104666
150 9111 7 235830 325461 89631
209 9219 7 251961 338870 86909
158 9223 8 244142 441417 197275
283 9229 7 261786 309933 48147
92 9119 7 304096 316141 12045
334 9188 7 257824 324774 66950
229 9076 6 259481 313880 54399
241 9228 7 250293 412732 162439
174 9180 7 235257 395443 160186
87 9146 7 218328 299413 81085
434 9219 7 253437 362858 109421
130 9185 7 288256 330430 42174
126 9151 7 269823 376575 106752
63 9197 7 284793 325541 40748
21 9224 6 267674 315154 47480
44 9183 7 359051 379640 20589
135 9178 8 299473 329970 30497
277 9198 7 276375 304527 28152
191 9196 7 254554 308250 53696
503 9194 7 225034 357991 132957
28 9199 7 352875 364826 11951
120 9237 7 276558 331045 54487
138 9165 6 241404 308691 67287
45 9050 8 238327 290124 51797
82 9238 8 239670 307082 67412
56 9196 7 269559 324611 55052
297 9229 7 240592 292634 52042
180 9275 7 298069 303667 5598
169 9202 8 276813 328196 51383
102 9188 7 235521 293627 58106
22 9120 7 269224 362873 93649
369 9186 7 307694 328600 20906
29 9167 7 272486 378232 105746
46 9180 7 292856 332396 39540
140 9178 7 250169 291321 41152
218 9211 7 222523 330559 108036
124 9251 7 246742 330189 83447
48 9216 7 263532 315613 52081
506 9155 9 284781 337158 52377
245 9200 8 251469 331594 80125
209 9263 6 241871 347803 105932
168 9172 7 232064 295979 63915
422 9175 7 309244 338691 29447
38 9222 8 230572 333229 102657
147 9188 8 240124 296322 56198
81 9194 7 247851 315506 67655
292 9568 7 263103 311477 48374
115 9510 7 228634 426590 197956
128 9587 8 246557 325536 78979
207 9583 7 266564 320940 54376
68 9587 7 257536 330493 72957
232 9652 6 272233 360697 88464
356 9631 7 405941 437864 31923
142 9589 7 281899 329014 47115
123 9467 7 382567 385266 2699
192 9625 9 259483 307243 47760
53 9589 8 295813 316967 21154
457 9491 8 271232 338772 67540
476 9544 7 287978 349428 61450
446 9532 7 302012 419643 117631
353 9576 6 262838 327035 64197
438 9451 7 251722 365491 113769
398 9602 7 302442 333907 31465
74 9574 7 288838 315069 26231
256 9570 7 271528 353681 82153
208 9591 6 254500 357218 102718
122 9570 8 270839 379305 108466
231 9606 7 320109 338061 17952
113 9528 7 304633 328648 24015
328 9512 7 251895 322039 70144
35 9527 8 285905 349371 63466
70 9549 7 321544 392953 71409
182 9564 7 275134 357913 82779
285 9603 8 370146 399562 29416
307 9532 7 256024 367436 111412
63 9573 7 264074 349398 85324
38 9572 7 247329 327416 80087
162 9518 7 247855 303150 55295
218 9565 8 302079 305857 3778
277 9517 7 246851 330509 83658
167 9614 7 269535 316473 46938
208 9511 8 287269 317130 29861
190 9533 8 286044 310655 24611
101 9644 8 285951 368840 82889
248 9537 9 289965 310879 20914
103 9542 7 264701 312107 47406
224 9495 7 258123 338587 80464
217 9524 8 347173 402186 55013
254 9514 7 280807 313895 33088
203 9553 7 317767 401341 83574
224 9509 7 227758 340153 112395
218 9514 7 292400 339146 46746
183 9597 7 385931 393988 8057
165 9536 7 319338 369046 49708
183 9509 7 288090 337610 49520
107 9548 7 290323 331233 40910
257 9945 6 305913 341342 35429
183 9981 7 286935 414006 127071
250 9950 9 277290 347422 70132
166 9923 7 333165 343970 10805
339 9821 7 257904 316495 58591
392 9915 6 516248 523589 7341
125 9947 7 281995 453916 171921
471 9864 7 259349 361613 102264
153 9951 8 244495 338665 94170
252 9886 7 272928 317952 45024
206 9926 7 285706 358606 72900
30 9854 8 293156 363855 70699
239 9976 6 301385 344523 43138
147 9954 8 283508 330609 47101
215 9941 7 294151 389765 95614
70 9896 7 283589 371690 88101
208 9912 7 275814 353682 77868
122 9937 7 281423 396905 115482
113 9942 7 266123 352637 86514
109 9885 9 290663 328298 37635
315 9865 8 267258 334822 67564
41 10026 6 321802 326762 4960
272 9980 7 254329 313256 58927
291 10041 7 245647 333803 88156
167 9988 8 251893 365878 113985
188 9977 8 270273 301879 31606
272 10018 7 337148 376313 39165
85 9894 8 315104 327942 12838
116 10002 7 308693 314912 6219
184 9879 7 296940 312366 15426
158 10068 7 306680 342454 35774
136 9968 7 283636 345650 62014
228 9962 7 261769 319429 57660
162 9902 7 282476 434614 152138
215 9864 7 317539 349983 32444
197 9869 7 253893 330352 76459
107 10004 7 255140 337229 82089
116 9964 7 254225 412618 158393
64 9889 7 291576 338886 47310
187 9919 6 276083 350698 74615
190 9838 7 305246 358309 53063
137 9987 8 314505 451263 136758
80 9956 6 294120 387202 93082
165 9964 7 268891 327390 58499
150 9952 7 257851 375373 117522
305 9852 7 254719 385082 130363
75 10014 7 319056 359344 40288
173 9976 7 298907 351874 52967
276 9870 7 332812 365290 32478
247 9952 8 340067 372164 32097
160 10243 7 338299 404015 65716
340 10242 7 239338 370386 131048
131 10250 6 273109 370323 97214
189 10314 7 324910 406217 81307
303 10321 8 304261 386502 82241
117 10413 7 334879 379825 44946
36 10421 7 263591 374411 110820
218 10409 8 278574 391421 112847
112 10325 8 261931 344535 82604
225 10389 8 336507 371548 35041
119 10325 8 297798 349543 51745
119 10288 7 267784 327833 60049
16 10251 7 351695 374799 23104
378 10341 7 300180 323840 23660
102 10302 8 324335 349393 25058
195 10280 8 279388 494869 215481
62 10290 8 262981 383200 120219
133 10264 7 254141 381635 127494
382 10336 7 301839 360489 58650
282 10305 7 284194 330552 46358
139 10312 7 403480 410246 6766
218 10270 7 309523 381831 72308
203 10413 8 297101 386406 89305
118 10265 7 300139 425885 125746
255 10302 7 406498 441483 34985
149 10234 7 398948 420811 21863
189 10316 7 264730 336555 71825
206 10262 8 279172 337757 58585
224 10283 8 307819 335177 27358
151 10231 7 306617 403812 97195
88 10258 7 272191 391886 119695
136 10277 7 312268 413002 100734
262 10290 7 398399 406856 8457
85 10227 7 349960 381925 31965
430 10318 7 300758 306533 5775
40 10354 7 284460 368568 84108
365 10353 7 310959 395460 84501
115 10233 7 288654 376329 87675
222 10338 7 318272 355450 37178
97 10327 7 282309 357080 74771
176 10369 6 305562 330767 25205
273 10408 7 292381 348550 56169
88 10371 7 352981 381039 28058
492 10311 8 367272 395909 28637
232 10294 6 276451 364096 87645
158 10336 7 321607 381549 59942
236 10324 6 355093 364973 9880
274 10311 9 280196 378695 98499
152 10213 7 256255 340142 83887
138 10237 8 383858 421473 37615
62 10746 7 276354 438344 161990
39 10744 7 298158 350297 52139
418 10722 7 287354 348428 61074
139 10598 7 298465 389221 90756
182 10719 8 496245 550499 54254
198 10668 7 296507 433821 137314
194 10680 7 286617 384385 97768
108 10646 7 291680 364182 72502
456 10678 8 302641 399423 96782
284 10547 7 311569 350563 38994
198 10678 7 287694 399627 111933
90 10695 8 357359 424992 67633
368 10745 8 267542 367708 100166
190 10612 7 256893 361461 104568
142 10612 7 265295 375902 110607
238 10629 7 316536 331199 14663
291 10739 7 295167 374908 79741
428 10746 7 261386 366340 104954
254 10634 6 324709 414937 90228
322 10768 8 341373 418395 77022
45 10701 7 289333 376429 87096
116 10572 7 316097 371666 55569
333 10652 7 291638 333193 41555
132 10630 8 344560 415042 70482
21 10577 8 253493 335335 81842
304 10671 7 396115 429250 33135
348 10653 7 309714 363261 53547
216 10736 7 313111 360974 47863
235 10707 7 308689 352951 44262
474 10765 7 310700 386201 75501
303 10712 6 263011 357659 94648
276 10700 7 363806 419798 55992
235 10633 7 342026 405720 63694
196 10708 7 301037 347746 46709
336 10670 6 381911 422824 40913
201 10769 8 284210 337742 53532
208 10764 7 353164 459249 106085
140 10623 7 308698 382527 73829
65 10748 7 288062 369455 81393
159 10655 7 334315 379900 45585
455 10710 6 328532 368765 40233
110 10714 9 271386 356794 85408
241 10686 7 342620 369181 26561
137 10674 8 302203 425701 123498
281 10643 8 288815 452036 163221
113 10651 7 318368 404781 86413
301 10740 7 327278 407520 80242
33 10586 7 354756 376433 21677
96 10634 6 338115 388065 49950
345 10653 7 424314 484726 60412
367 10978 8 343434 450439 107005
65 11063 7 403446 427088 23642
112 11010 7 354830 393767 38937
455 11040 7 282124 387025 104901
99 11017 7 347199 406955 59756
262 10941 7 354378 393815 39437
358 11067 8 280347 362310 81963
217 11034 7 338534 464973 126439
284 11009 6 314590 342294 27704
71 11069 8 313215 341566 28351
155 11047 7 410011 422549 12538
136 11009 7 283897 340511 56614
255 10995 7 316119 420322 104203
137 11005 7 308420 425226 116806
180 11035 7 316875 443567 126692
117 11004 7 276035 352915 76880
140 11041 8 314774 380604 65830
363 10955 7 366018 427072 61054
104 11075 8 333876 438599 104723
327 11040 7 291746 377178 85432
343 11110 7 309946 346172 36226
163 11050 7 348160 422525 74365
141 11068 7 306791 416425 109634
248 11026 7 289283 388555 99272
50 10901 6 416528 434794 18266
162 11002 8 274182 390067 115885
181 11052 7 311147 381785 70638
176 11046 7 307556 393631 86075
438 10988 8 354063 384307 30244
160 10976 9 349384 404801 55417
408 10911 7 287606 372566 84960
310 11113 7 348384 407983 59599
308 11019 8 355133 401761 46628
257 11142 6 392805 533629 140824
211 11102 7 312938 422247 109309
491 11046 7 288558 405113 116555
535 11006 6 344488 368241 23753
143 11033 7 301801 383973 82172
283 11053 8 308711 390140 81429
99 11065 8 329391 410254 80863
68 11038 7 396037 408028 11991
174 11183 8 391538 399739 8201
227 11049 7 270127 455538 185411
198 11057 9 326005 463991 137986
240 10938 7 365203 403192 37989
473 11036 7 292191 377390 85199
153 11017 7 329198 404124 74926
164 11021 7 294628 410869 116241
221 11037 8 316489 426139 109650
278 11140 7 338441 400651 62210
