224 18765 8 492258 601492 109234
351 18809 9 521268 679871 158603
308 18685 7 538303 710457 172154
148 18887 7 495890 722379 226489
353 18715 7 602000 640758 38758
275 18832 8 542013 758092 216079
374 18826 7 585622 736001 150379
327 18772 8 535388 708591 173203
476 18715 8 568986 647012 78026
126 18790 8 556261 836027 279766
203 18766 7 568496 738797 170301
464 18750 7 505924 601982 96058
48 18707 7 559301 772233 212932
98 18781 7 588749 693558 104809
416 18778 8 534501 669505 135004
260 18742 7 572537 748446 175909
193 18844 7 514207 667386 153179
341 18783 9 521775 671781 150006
438 18742 10 550321 786780 236459
418 18753 8 493346 672431 179085
402 18713 8 508885 657879 148994
46 18810 8 649655 682160 32505
230 18773 7 607784 794492 186708
537 18722 7 527947 699591 171644
222 18746 7 562165 626535 64370
109 18632 8 500934 746771 245837
555 18675 7 611498 649741 38243
47 18696 7 709153 814567 105414
146 18783 7 512901 714476 201575
78 18763 8 557492 716923 159431
19 18641 8 516603 663033 146430
628 18688 7 476581 619928 143347
213 18772 8 549265 856933 307668
224 18784 8 567621 732179 164558
280 18711 7 577960 645071 67111
116 18798 7 561637 767092 205455
212 18721 7 650707 704773 54066
157 18836 7 711020 762603 51583
252 18662 7 612318 655614 43296
452 18824 8 664921 708177 43256
355 18711 8 573082 668875 95793
317 18652 8 706764 800397 93633
533 18683 7 604977 694739 89762
500 18747 7 610461 774524 164063
606 18704 7 600183 677875 77692
195 18733 7 572041 719019 146978
130 18709 7 453553 758517 304964
420 18919 8 549190 676331 127141
468 18808 6 493999 705075 211076
266 18762 7 517543 654574 137031
220 19167 7 503994 659193 155199
340 19179 7 514922 648775 133853
190 19091 7 678905 729451 50546
603 19182 6 542525 581609 39084
160 19180 7 759038 829979 70941
247 19065 7 534856 706027 171171
269 19112 8 627176 712510 85334
262 19184 6 517452 687714 170262
205 19115 7 572401 741930 169529
567 19071 7 618532 662029 43497
16 19031 8 612384 727220 114836
177 19153 8 605619 755989 150370
116 19081 8 570224 796348 226124
570 19047 7 512626 749378 236752
266 19204 7 559828 663694 103866
87 19163 8 702709 813586 110877
113 19012 7 571558 657697 86139
206 19055 7 523375 800454 277079
679 18965 7 479681 660924 181243
156 19200 8 789845 823727 33882
405 19314 7 690203 707338 17135
446 19074 8 599589 891328 291739
211 19135 7 532708 755855 223147
259 19174 7 543192 700526 157334
142 19139 8 621105 728612 107507
264 19102 8 608010 868821 260811
418 19017 9 576351 730921 154570
508 19070 8 611958 709259 97301
69 19118 9 673287 823777 150490
427 19234 7 517854 702209 184355
169 19204 7 617864 679528 61664
233 19171 7 492114 733187 241073
110 19271 7 636622 774323 137701
352 19184 8 641335 797537 156202
277 19269 7 525395 641935 116540
379 19251 7 514979 634071 119092
451 19125 9 546259 686286 140027
374 19107 8 580799 672364 91565
301 19120 9 522517 655156 132639
146 19166 7 592242 716468 124226
181 19094 8 530286 732426 202140
475 19164 7 579492 631023 51531
287 19086 7 899060 947033 47973
606 19289 7 550216 657404 107188
278 18966 8 569810 684862 115052
326 19120 7 597207 776106 178899
384 19061 8 633360 707498 74138
348 19082 8 665830 713839 48009
240 19090 8 564982 728468 163486
202 19181 8 501587 743643 242056
399 19516 8 582250 752111 169861
160 19553 7 581615 845344 263729
439 19511 7 620163 692325 72162
241 19428 8 610537 699421 88884
277 19483 7 568878 670432 101554
414 19479 8 589209 699441 110232
336 19417 7 586275 740187 153912
422 19461 7 587550 744709 157159
232 19528 7 612019 705549 93530
209 19566 7 545436 715213 169777
212 19474 8 485073 742775 257702
66 19586 7 561923 912609 350686
420 19469 7 592229 724891 132662
257 19610 7 559608 721843 162235
80 19598 8 574283 653585 79302
284 19483 7 559029 658594 99565
254 19543 7 586786 764649 177863
87 19405 7 700098 754539 54441
234 19471 7 543547 706381 162834
441 19627 7 716631 776493 59862
647 19451 7 590607 974129 383522
293 19479 8 612181 643496 31315
365 19489 7 621340 745453 124113
265 19490 7 679244 899943 220699
307 19517 7 542749 724444 181695
96 19482 8 617008 894386 277378
223 19469 8 506241 802582 296341
260 19483 8 564043 686956 122913
215 19437 8 555976 688994 133018
219 19605 8 545732 667326 121594
200 19512 7 564558 763651 199093
58 19540 7 630998 694985 63987
128 19452 7 520838 690570 169732
313 19521 8 609702 799815 190113
18 19398 7 531352 859796 328444
562 19499 7 718678 765031 46353
425 19473 7 552593 699847 147254
364 19505 8 605504 760224 154720
290 19532 7 538109 692900 154791
236 19518 7 595996 660998 65002
376 19420 7 548352 691545 143193
109 19487 7 579264 750781 171517
454 19537 8 552118 809516 257398
197 19471 7 547159 686974 139815
148 19585 8 535861 733700 197839
419 19392 7 556804 748145 191341
214 19520 8 572016 810962 238946
212 19437 8 530448 697711 167263
87 19522 8 598629 701728 103099
241 19517 8 603247 925911 322664
168 19860 8 594044 701228 107184
146 19877 8 596696 812263 215567
92 19866 8 610431 789698 179267
107 19796 7 621361 833330 211969
102 19942 7 555464 759765 204301
68 19850 7 619700 736744 117044
193 19778 7 659553 777835 118282
290 19870 7 561286 750064 188778
465 19862 7 657902 767701 109799
318 19967 8 556350 793362 237012
306 19963 8 634613 740985 106372
516 19897 7 556811 818160 261349
322 19942 7 581977 676201 94224
445 19899 9 543982 1005447 461465
383 19728 7 591984 760330 168346
436 19807 7 567290 753432 186142
330 19779 8 616529 753867 137338
101 19814 8 635591 760370 124779
198 19824 8 761178 771591 10413
237 20024 8 619519 682486 62967
185 19780 8 735061 739247 4186
92 19773 7 594983 709433 114450
178 19917 8 804283 842129 37846
141 19880 8 669634 806146 136512
453 19904 7 590866 706485 115619
327 19821 7 788508 850933 62425
356 19885 7 856239 877710 21471
319 19877 7 637008 832449 195441
626 19887 7 560655 748978 188323
277 19910 8 614795 716225 101430
693 19825 8 595445 830171 234726
273 19837 7 578648 673073 94425
310 19838 7 489005 814015 325010
92 19805 7 558800 761071 202271
247 19919 7 675234 868486 193252
186 19955 7 528447 701909 173462
132 19887 8 592826 686534 93708
291 19817 8 837105 884079 46974
414 19801 8 715273 717551 2278
176 19809 7 629109 770100 140991
204 19967 8 544544 704312 159768
39 19790 8 584638 640946 56308
166 19974 8 669396 757917 88521
354 19885 8 693312 851927 158615
109 19856 8 593408 767892 174484
437 19870 7 515969 807175 291206
45 19809 7 678180 696923 18743
238 19805 8 549861 720359 170498
310 19854 8 588562 827122 238560
628 19857 7 604816 753004 148188
186 20289 8 634821 819149 184328
293 20342 8 586075 777220 191145
266 20163 8 640103 727862 87759
241 20179 7 567601 731509 163908
580 20318 7 681844 783941 102097
358 20222 8 654008 729811 75803
204 20164 7 695178 840359 145181
253 20249 8 588501 713618 125117
545 20134 8 589552 814457 224905
228 20217 7 791753 896960 105207
446 20211 7 589807 816713 226906
135 20274 7 643257 704781 61524
121 20251 8 717538 729451 11913
248 20288 9 617077 780539 163462
590 20275 7 786664 811828 25164
54 20300 9 611819 730265 118446
564 20227 7 615094 795017 179923
319 20092 7 620643 737489 116846
126 20198 9 608710 746825 138115
214 20197 7 630471 827831 197360
295 20256 7 645168 926696 281528
177 20203 8 822120 915202 93082
221 20294 8 637274 675770 38496
240 20298 8 561986 693383 131397
240 20088 8 659113 767105 107992
83 20170 8 626167 744159 117992
264 20233 8 564736 714148 149412
370 20362 6 576168 776884 200716
624 20292 8 634879 748694 113815
556 20213 8 649061 755822 106761
430 20247 10 577450 922141 344691
57 20111 6 549481 791226 241745
279 20334 7 577235 744249 167014
316 20230 7 633369 764410 131041
313 20368 8 609657 822747 213090
175 20188 7 625631 722996 97365
593 20131 8 657912 807098 149186
151 20111 7 582537 824358 241821
408 20263 7 634103 846679 212576
352 20112 8 631381 724674 93293
443 20155 7 660203 841251 181048
401 20264 8 695281 710120 14839
227 20293 8 677160 682945 5785
789 20252 7 602156 752827 150671
80 20114 8 515447 835343 319896
197 20220 9 625418 725788 100370
90 20439 7 643899 792285 148386
66 20333 7 580916 759581 178665
75 20254 8 619876 744062 124186
302 20279 7 548978 720808 171830
115 20714 8 580052 775698 195646
56 20530 7 808517 864295 55778
129 20588 8 547101 890847 343746
264 20606 7 595013 669625 74612
423 20566 8 564335 831530 267195
36 20711 7 700463 799445 98982
406 20576 8 617885 824711 206826
230 20529 9 585017 716190 131173
288 20635 7 687383 800389 113006
289 20708 7 646481 840009 193528
615 20520 7 719723 805435 85712
555 20586 7 611459 833458 221999
685 20552 7 646451 781422 134971
242 20700 8 857910 1013886 155976
410 20654 8 587800 716704 128904
130 20711 9 738991 945164 206173
383 20622 7 647407 760610 113203
324 20479 7 562920 747845 184925
244 20639 7 540786 742401 201615
135 20519 7 825896 871649 45753
120 20641 7 580343 761521 181178
320 20625 7 621797 706577 84780
279 20489 7 697460 858431 160971
339 20508 8 595383 725088 129705
261 20545 8 723741 767199 43458
301 20572 7 932753 1124208 191455
218 20549 8 641199 771429 130230
342 20531 8 723547 841959 118412
265 20690 6 602136 1015580 413444
54 20641 8 624011 743299 119288
367 20550 8 647554 961216 313662
59 20756 7 556028 811002 254974
666 20528 7 873705 1065643 191938
350 20599 8 601202 906710 305508
114 20615 8 578129 746501 168372
197 20716 8 628949 873040 244091
431 20659 7 650676 793926 143250
435 20630 7 633953 762776 128823
181 20551 7 619055 762168 143113
38 20513 7 737281 922595 185314
263 20667 8 603556 702236 98680
219 20631 7 831104 871082 39978
407 20473 7 765684 777133 11449
372 20687 9 633400 741809 108409
487 20714 7 634707 793849 159142
328 20624 7 693079 853403 160324
212 20588 8 772972 959731 186759
246 20442 8 620902 821483 200581
377 20432 7 558403 737451 179048
287 20645 7 583999 742199 158200
163 20911 7 668139 846880 178741
178 20895 8 708210 865643 157433
150 21064 8 628436 721484 93048
386 20926 8 670527 752920 82393
207 20939 7 619408 755085 135677
249 20942 9 612357 714000 101643
505 20924 8 612984 750707 137723
77 20887 7 582509 729858 147349
300 21031 7 556090 714131 158041
196 21128 7 708761 734503 25742
194 20942 7 629478 825089 195611
247 20895 8 709584 780758 71174
313 20992 7 542634 687296 144662
349 20958 7 631144 763413 132269
326 20890 8 708951 733278 24327
522 20843 7 653039 869605 216566
728 20999 9 633921 870928 237007
406 20905 7 649659 754782 105123
420 21014 7 749317 811687 62370
100 20857 7 629200 756794 127594
102 21004 9 685156 769128 83972
510 20963 7 691342 785416 94074
319 20871 7 654263 783050 128787
212 20992 8 605869 873069 267200
325 20942 7 697175 804851 107676
149 21136 7 693272 821116 127844
225 20879 7 576419 747740 171321
521 20943 7 770070 774648 4578
95 20981 8 722319 776226 53907
349 20944 7 628959 748547 119588
281 20913 7 650714 880856 230142
719 21008 8 730421 801879 71458
417 20906 8 551198 670304 119106
195 20935 9 621104 779304 158200
327 20961 7 688446 884923 196477
172 21001 8 628131 810802 182671
610 20883 8 814886 934020 119134
458 21051 7 548819 771838 223019
272 21073 7 570401 848634 278233
79 20972 7 693352 781373 88021
283 20949 8 718803 748754 29951
99 20821 7 707352 823258 115906
323 21081 8 665730 1101344 435614
512 20966 8 649997 782113 132116
308 20926 7 661085 742080 80995
326 20873 7 710251 738328 28077
385 21095 7 578821 881894 303073
331 21018 9 850693 929154 78461
220 20976 8 670609 799476 128867
148 20983 8 700552 790371 89819
219 21393 8 643666 821657 177991
203 21389 7 595203 741309 146106
262 21377 8 572091 729407 157316
227 21332 8 689524 763617 74093
177 21347 8 592059 747938 155879
269 21300 8 647050 817510 170460
368 21329 7 667350 765430 98080
4 21391 8 708800 862934 154134
336 21425 8 648222 780374 132152
188 21263 7 651568 874532 222964
280 21369 8 701068 817856 116788
660 21263 10 925640 948502 22862
342 21339 7 614355 757749 143394
367 21353 8 756404 859944 103540
343 21355 8 674356 847779 173423
444 21293 8 605463 759589 154126
297 21302 7 690783 854206 163423
425 21348 9 637481 829089 191608
133 21251 8 641859 972453 330594
221 21414 7 824195 846134 21939
312 21307 8 590945 753943 162998
410 21332 7 632383 756971 124588
457 21303 8 596368 793763 197395
321 21337 7 665532 757736 92204
404 21239 8 577468 837471 260003
308 21225 7 643638 855320 211682
104 21310 9 660116 905475 245359
228 21293 7 748678 918297 169619
247 21398 8 663398 762896 99498
286 21185 7 682245 819215 136970
298 21432 8 589265 885329 296064
275 21387 8 788928 908260 119332
291 21462 8 622997 865938 242941
422 21365 7 546034 713406 167372
339 21417 7 573068 769901 196833
56 21310 10 706326 870393 164067
206 21458 7 627820 863335 235515
457 21375 7 713677 761413 47736
274 21405 7 663484 882762 219278
524 21269 7 1025164 1025865 701
188 21428 7 608454 788292 179838
127 21363 8 569874 676667 106793
496 21382 7 701004 806069 105065
342 21270 7 598862 740709 141847
712 21292 8 628992 866701 237709
153 21506 7 676820 787646 110826
214 21307 7 774477 785002 10525
469 21313 7 659571 768186 108615
172 21192 6 587598 812130 224532
178 21360 7 662571 772568 109997
357 21667 7 848095 920837 72742
101 21724 7 585159 775035 189876
440 21760 8 889751 1125014 235263
181 21664 7 602526 885467 282941
291 21809 8 725937 798880 72943
18 21729 7 656074 867584 211510
361 21818 7 873792 930402 56610
502 21691 7 595679 793839 198160
442 21709 7 677715 777651 99936
403 21637 7 693829 1038789 344960
369 21636 9 608200 802527 194327
299 21533 8 721700 805327 83627
208 21839 8 738021 755874 17853
372 21687 9 698915 895366 196451
152 21670 7 668568 917315 248747
309 21758 8 629360 957385 328025
515 21683 7 806237 826713 20476
171 21755 7 751021 848343 97322
355 21674 8 884755 1128791 244036
266 21779 7 658822 992474 333652
606 21693 8 775328 817564 42236
219 21775 8 637917 860898 222981
257 21686 8 584978 693364 108386
430 21744 7 566667 741411 174744
145 21757 7 596971 887944 290973
197 21754 7 866424 959436 93012
130 21611 7 726303 914641 188338
409 21790 8 684638 954747 270109
79 21618 7 713956 829850 115894
249 21814 7 608729 838307 229578
394 21726 7 615167 704510 89343
622 21743 7 557461 768680 211219
187 21518 7 642299 919121 276822
234 21782 8 644761 808432 163671
103 21782 8 614513 720356 105843
416 21671 8 724186 770946 46760
259 21640 7 676434 1085902 409468
296 21633 7 675366 961752 286386
474 21677 7 676081 822918 146837
220 21786 8 915707 1014575 98868
392 21694 7 765731 801030 35299
527 21654 8 725042 790991 65949
450 21698 7 597750 740174 142424
597 21670 8 721119 878358 157239
43 21678 6 627621 957963 330342
647 21786 7 617658 836982 219324
625 21618 7 680648 835295 154647
320 21683 8 645171 744864 99693
326 21723 7 667753 925151 257398
310 21735 8 561062 733257 172195
602 22009 8 695244 814991 119747
373 22223 7 612833 887328 274495
273 22124 7 637739 838637 200898
316 22017 7 676027 908751 232724
201 21961 7 718199 884604 166405
746 22240 8 618879 847638 228759
110 21968 8 662332 788191 125859
51 22052 8 681926 857919 175993
256 22005 7 595652 902682 307030
412 22004 9 747814 979516 231702
309 22122 8 668340 820804 152464
339 22109 8 635262 803455 168193
156 22027 8 651945 802332 150387
277 22096 8 695772 756636 60864
173 21974 8 728475 835066 106591
225 22133 7 683433 840007 156574
455 21970 7 690530 748221 57691
265 21963 7 699719 869869 170150
229 22098 7 684519 879387 194868
180 22155 8 701983 916601 214618
155 22036 7 690411 821378 130967
502 21935 8 582456 883803 301347
89 22144 7 728895 786153 57258
269 21954 7 665624 810786 145162
603 22064 8 814807 817672 2865
380 22042 8 646339 892373 246034
388 22091 9 860574 890382 29808
278 22057 8 753879 781466 27587
261 22119 8 1010845 1069616 58771
116 22196 7 657106 828481 171375
265 21998 7 824223 946208 121985
213 22149 8 696314 807664 111350
39 22080 7 639616 796607 156991
129 22117 8 621862 928731 306869
402 22251 8 648651 903506 254855
157 22122 8 622965 783992 161027
542 21938 7 722145 885025 162880
259 22123 8 571228 746814 175586
260 22135 7 651781 870333 218552
345 22084 7 656608 795327 138719
292 22039 8 778529 943079 164550
188 22050 7 685194 886032 200838
377 22041 7 808345 864197 55852
259 22050 7 707411 959464 252053
155 22073 8 601910 835095 233185
453 22045 8 755724 887256 131532
385 22167 7 643721 778517 134796
208 21998 8 677775 797295 119520
343 22021 7 649919 1071450 421531
356 21919 8 714323 944220 229897
