131 4060 7 99725 142739 43014
100 4079 7 115163 129045 13882
187 4116 6 116721 174311 57590
289 4055 7 105173 144406 39233
90 4067 7 106446 139464 33018
94 4023 7 114083 142689 28606
78 4045 6 106571 142199 35628
193 4031 7 105090 136639 31549
80 4093 8 110378 127630 17252
90 4037 6 96923 121674 24751
133 4013 7 115423 130251 14828
152 3996 7 148452 150752 2300
59 4086 7 178770 191231 12461
114 4024 7 101581 123123 21542
185 4031 6 119369 143798 24429
114 3977 6 93822 129190 35368
121 4032 8 123440 132335 8895
212 4032 7 99476 158432 58956
208 4038 6 92880 112462 19582
83 3992 6 102664 188635 85971
164 4028 6 107903 140478 32575
149 4017 8 179716 192474 12758
277 4067 6 98939 135260 36321
134 3985 7 113083 151221 38138
106 4080 8 99097 135171 36074
259 4066 7 126185 153484 27299
83 4035 6 102615 139491 36876
132 4062 7 114510 141870 27360
199 4025 7 103798 152847 49049
136 4076 7 100014 145738 45724
25 4100 6 115381 120414 5033
147 4032 6 125634 135034 9400
179 4035 7 111786 139256 27470
61 4038 7 102204 160099 57895
120 4023 7 113976 135013 21037
181 4067 7 105513 148007 42494
85 4061 6 108351 156093 47742
147 4036 6 93561 127661 34100
42 4037 8 111573 120158 8585
122 4081 8 97982 131408 33426
76 4056 7 97146 135553 38407
152 4100 7 118925 141718 22793
102 4074 7 87311 155093 67782
281 4023 6 99834 128589 28755
95 4021 6 106982 136087 29105
228 4079 7 105297 137397 32100
144 4032 8 136186 162655 26469
140 3979 6 107609 141045 33436
27 3993 7 85511 130377 44866
120 4005 6 113347 140779 27432
144 4405 7 108676 147869 39193
226 4415 7 116018 160737 44719
121 4404 8 107440 117677 10237
86 4432 6 111361 136732 25371
163 4448 6 111293 169905 58612
196 4452 6 107969 161055 53086
193 4389 6 101875 146368 44493
101 4411 8 124532 135615 11083
70 4379 7 114728 134172 19444
174 4428 7 114825 165322 50497
274 4407 6 97668 164106 66438
167 4440 7 120269 162953 42684
180 4461 7 135273 180340 45067
176 4368 7 108950 129691 20741
32 4466 8 116095 153376 37281
217 4406 6 113625 144890 31265
77 4354 7 110840 145311 34471
15 4461 7 111637 125488 13851
122 4442 6 123640 194835 71195
125 4422 7 133603 149862 16259
63 4402 7 104054 138620 34566
154 4439 7 112779 144463 31684
84 4364 6 112320 159697 47377
355 4445 6 117449 126023 8574
33 4391 7 100828 124187 23359
103 4451 7 104258 147588 43330
157 4382 8 102310 165522 63212
234 4432 6 106617 142475 35858
258 4398 7 136768 138846 2078
124 4407 8 105204 132003 26799
91 4407 7 108936 136790 27854
37 4402 6 124274 148792 24518
23 4514 7 124363 129606 5243
167 4423 7 145549 257728 112179
145 4395 6 101244 133346 32102
116 4407 7 166793 186519 19726
84 4423 6 124084 137182 13098
65 4439 7 108138 166326 58188
10 4360 6 109612 154544 44932
247 4410 7 115570 141412 25842
179 4449 6 114897 128324 13427
63 4401 6 158361 158859 498
168 4397 6 106749 141610 34861
257 4382 7 109852 144110 34258
235 4395 8 104515 159656 55141
144 4355 6 100160 176074 75914
212 4363 7 127833 148910 21077
258 4375 6 117652 151077 33425
210 4397 8 112671 128013 15342
129 4409 6 170076 181298 11222
132 4810 6 148883 172123 23240
231 4728 7 152868 159273 6405
90 4794 6 115015 193851 78836
117 4785 8 114472 186025 71553
211 4730 7 133159 173354 40195
135 4813 7 107896 168076 60180
155 4808 7 137164 152681 15517
200 4762 7 143254 150740 7486
68 4740 7 137516 190082 52566
228 4792 7 125025 153389 28364
125 4822 7 125139 171724 46585
246 4722 7 133058 144906 11848
200 4839 7 167808 183875 16067
13 4804 8 122183 166264 44081
192 4880 6 134592 175113 40521
292 4719 7 98856 142757 43901
124 4765 7 129287 156095 26808
93 4794 8 127089 173765 46676
100 4787 6 129637 160166 30529
240 4757 6 123383 150866 27483
40 4794 7 116573 162411 45838
97 4736 6 140767 154334 13567
149 4850 8 145464 159858 14394
163 4747 6 125203 173324 48121
106 4786 6 121228 143998 22770
13 4795 6 126950 178755 51805
246 4743 6 122988 170882 47894
62 4785 8 151237 170978 19741
104 4815 7 142863 180041 37178
146 4820 6 121591 164767 43176
180 4779 6 120034 164511 44477
135 4774 6 105475 155596 50121
239 4790 7 111947 150451 38504
189 4750 7 116700 134492 17792
117 4745 7 119992 177914 57922
194 4797 6 123729 137140 13411
156 4795 7 102545 154948 52403
38 4772 7 111707 211877 100170
59 4754 6 130479 149153 18674
172 4807 8 126307 179118 52811
129 4830 8 125643 139506 13863
121 4750 6 141226 159372 18146
295 4791 7 148186 182315 34129
198 4801 7 108114 154107 45993
108 4755 7 135279 165361 30082
18 4854 8 136262 231809 95547
69 4755 7 126677 152536 25859
127 4804 8 149423 167149 17726
49 4758 6 116641 165117 48476
227 4811 7 121789 160513 38724
212 5099 7 142451 168973 26522
213 5161 8 136363 203791 67428
93 5165 7 152108 160640 8532
61 5142 7 114718 189402 74684
65 5134 6 144946 197748 52802
109 5172 8 144808 204215 59407
183 5151 7 124770 204779 80009
264 5177 6 117228 182011 64783
68 5132 6 141364 194438 53074
109 5194 7 191014 199753 8739
192 5121 7 140578 178557 37979
97 5143 6 149508 170353 20845
121 5190 7 114733 170763 56030
98 5165 9 157001 208546 51545
64 5173 7 126488 153732 27244
382 5111 7 154840 193230 38390
151 5215 6 119254 158317 39063
238 5134 7 146104 183944 37840
123 5139 6 133856 157859 24003
278 5211 6 155475 206122 50647
168 5131 6 147488 175337 27849
182 5172 8 181202 201207 20005
242 5105 7 144928 178910 33982
268 5173 7 141760 167080 25320
39 5087 6 150608 187677 37069
217 5147 7 124364 166143 41779
35 5158 6 161839 202394 40555
317 5104 8 155054 209386 54332
125 5108 8 133257 163451 30194
66 5127 7 147000 161559 14559
228 5179 6 149115 163052 13937
102 5106 7 142546 165968 23422
190 5149 8 162663 199280 36617
78 5152 6 178423 189865 11442
110 5214 7 146448 178268 31820
251 5220 6 159621 180040 20419
73 5149 7 126671 176156 49485
273 5118 8 139518 172118 32600
184 5146 7 145526 173219 27693
184 5182 7 158587 206592 48005
90 5155 7 142442 173635 31193
174 5229 7 132252 167804 35552
121 5135 7 129434 190418 60984
96 5185 6 136952 172684 35732
329 5130 7 175840 191167 15327
259 5225 7 165516 187645 22129
147 5104 8 120736 147481 26745
52 5080 7 138546 158834 20288
160 5157 7 132689 169447 36758
74 5087 6 120080 167076 46996
170 5498 7 175528 192447 16919
79 5506 8 169067 179430 10363
155 5550 8 167811 187780 19969
64 5550 7 181440 200927 19487
187 5580 7 137612 172532 34920
90 5527 7 142877 179260 36383
279 5502 8 152693 163087 10394
143 5477 7 159280 192255 32975
99 5514 8 147151 203111 55960
99 5485 7 173757 207773 34016
68 5548 7 146804 207549 60745
223 5597 7 162041 218678 56637
97 5542 6 149904 167023 17119
102 5565 7 138170 175197 37027
108 5545 7 151395 213488 62093
35 5542 6 134088 175708 41620
83 5599 7 124942 177564 52622
121 5502 6 167105 189717 22612
96 5478 7 152262 206133 53871
121 5564 7 135221 211974 76753
188 5556 7 151435 198243 46808
193 5546 7 152514 177827 25313
236 5526 7 146837 157862 11025
120 5534 8 138585 213629 75044
51 5520 6 152102 205556 53454
156 5520 7 143989 180765 36776
116 5517 7 133584 199831 66247
124 5572 7 160597 197872 37275
168 5542 7 159739 178398 18659
128 5546 7 122281 181691 59410
58 5516 7 152075 198533 46458
98 5556 8 133444 166036 32592
159 5508 6 128287 167652 39365
138 5512 8 145712 170467 24755
201 5493 7 138974 171982 33008
98 5533 7 198696 203201 4505
204 5469 6 122465 191029 68564
69 5503 6 138485 173126 34641
117 5610 6 140828 196693 55865
70 5423 8 148374 181554 33180
77 5542 8 152538 180605 28067
208 5501 6 156376 169372 12996
155 5511 7 134496 203181 68685
97 5489 6 133561 187394 53833
62 5493 7 178319 190000 11681
175 5508 7 152532 191713 39181
194 5415 7 146626 163755 17129
114 5510 7 144946 164971 20025
73 5528 8 160418 186396 25978
157 5464 7 135397 183406 48009
145 5942 7 192672 207304 14632
326 5911 8 188649 254489 65840
87 5847 7 155979 210118 54139
203 5828 7 152017 221527 69510
74 5883 10 171727 189912 18185
218 5906 8 158290 262554 104264
119 5841 7 158940 207263 48323
194 5942 7 152670 212153 59483
69 5881 7 143776 199469 55693
39 5896 8 169788 202477 32689
174 5937 7 164355 273909 109554
122 5880 7 158567 187049 28482
279 5860 7 203453 214214 10761
260 5879 6 174413 197474 23061
194 5918 6 149871 268714 118843
213 5935 7 167262 201225 33963
142 5913 7 150701 235998 85297
225 5866 6 146217 282206 135989
193 5954 7 159616 175500 15884
79 5842 7 162335 207989 45654
122 5899 7 144919 183807 38888
145 5812 7 154577 194448 39871
86 5885 6 166279 258041 91762
133 5925 7 176496 201606 25110
308 5891 7 159691 179122 19431
301 5908 7 161105 189151 28046
340 5886 7 163777 193065 29288
84 5884 7 157551 204179 46628
111 5865 7 146257 248891 102634
160 5874 6 175469 194631 19162
95 5889 7 155865 228656 72791
175 5911 8 158793 204263 45470
159 5904 7 161372 183976 22604
158 5930 6 148135 181802 33667
155 5918 8 143932 191141 47209
226 5869 8 169960 197235 27275
63 5836 7 154630 203663 49033
130 5932 6 191463 224111 32648
59 5945 7 218050 254695 36645
261 5960 7 150924 200371 49447
65 5966 7 179802 188581 8779
382 5829 8 189363 272319 82956
216 5891 9 215064 256014 40950
130 5919 7 152465 206576 54111
15 5871 7 170816 188709 17893
164 5893 7 165141 219890 54749
22 5919 6 185133 203325 18192
120 5897 7 155411 189489 34078
125 5887 7 198757 213789 15032
92 5878 7 175193 238963 63770
178 6276 8 168597 222925 54328
178 6251 7 179304 180094 790
112 6267 6 169036 207041 38005
211 6260 8 162385 189436 27051
178 6311 7 147112 202489 55377
41 6248 7 170194 231581 61387
62 6335 7 184182 197247 13065
169 6214 6 181501 187331 5830
248 6231 8 208644 215185 6541
28 6231 7 168552 261819 93267
252 6260 8 163555 190652 27097
231 6225 7 164998 254740 89742
177 6284 7 226794 238870 12076
396 6266 7 174368 211346 36978
88 6294 7 173011 203833 30822
30 6312 7 190487 235237 44750
230 6253 7 153425 281096 127671
172 6175 6 203650 219553 15903
82 6300 6 145921 253569 107648
71 6208 6 163249 227780 64531
130 6206 7 176440 230493 54053
235 6269 7 148577 205751 57174
207 6128 6 148188 243384 95196
289 6289 7 177483 204619 27136
195 6260 7 184062 221029 36967
143 6293 7 148408 187692 39284
177 6234 7 222542 255165 32623
120 6262 6 168345 198328 29983
186 6292 7 170509 233847 63338
43 6247 8 180314 224655 44341
262 6265 8 200885 273268 72383
469 6258 7 164059 261397 97338
80 6272 8 146685 213413 66728
47 6263 7 160606 185346 24740
232 6305 7 169689 211377 41688
110 6252 8 161776 203667 41891
60 6252 7 174568 221566 46998
71 6298 6 206023 239813 33790
101 6263 7 164373 231766 67393
121 6316 7 165013 179513 14500
317 6259 6 184996 204566 19570
105 6233 7 178602 217432 38830
155 6269 7 145957 180509 34552
205 6274 7 154310 200405 46095
113 6196 6 158232 174719 16487
260 6240 6 192109 214596 22487
197 6222 7 174077 207526 33449
205 6261 6 160009 198617 38608
24 6241 6 159402 219826 60424
81 6204 7 171688 210960 39272
115 6667 8 178846 208411 29565
142 6693 7 209209 245021 35812
198 6681 7 169211 240810 71599
185 6704 8 177837 246043 68206
95 6572 8 189243 233700 44457
173 6647 6 207426 220274 12848
103 6622 8 186583 247049 60466
221 6725 8 175809 220549 44740
91 6612 8 181839 221374 39535
126 6624 7 165598 236607 71009
428 6573 7 191209 221085 29876
37 6592 7 155848 232219 76371
116 6557 7 209189 279560 70371
64 6657 7 207478 211762 4284
247 6547 7 211160 235358 24198
169 6624 6 193348 225341 31993
108 6574 7 186493 226691 40198
92 6694 7 167061 247610 80549
139 6600 6 200568 251825 51257
320 6602 8 160450 241035 80585
213 6639 8 175650 228974 53324
192 6610 8 187651 235381 47730
223 6649 8 163392 247385 83993
147 6656 6 180390 226683 46293
258 6612 7 176737 221969 45232
133 6608 7 244127 279624 35497
46 6568 8 165907 226288 60381
127 6579 7 174616 247365 72749
190 6607 7 233424 241329 7905
168 6606 6 226951 256265 29314
133 6647 6 155485 251924 96439
201 6631 7 193124 232938 39814
95 6655 7 224284 268623 44339
397 6586 7 158570 224988 66418
116 6632 7 205135 258383 53248
272 6557 6 153528 253904 100376
153 6625 6 174749 213504 38755
189 6592 7 176206 248291 72085
161 6616 6 241073 254894 13821
210 6574 6 183424 230031 46607
184 6545 7 163011 257874 94863
214 6647 7 140343 230928 90585
240 6672 7 185477 246146 60669
80 6624 7 171385 207183 35798
133 6606 7 197091 212178 15087
76 6557 7 200342 209154 8812
197 6667 6 195153 212370 17217
182 6651 7 164698 211492 46794
371 6687 7 234167 241056 6889
81 6559 7 250095 258676 8581
201 7098 7 180245 216439 36194
113 6921 7 194755 229840 35085
89 7007 7 182565 232216 49651
180 7039 8 208376 229549 21173
248 6995 7 206724 248911 42187
216 6976 6 205396 284191 78795
224 7124 7 241985 276442 34457
220 7045 7 214669 252613 37944
128 7024 7 197970 226945 28975
229 7027 7 193090 217276 24186
74 6995 7 175310 230799 55489
121 6964 7 241319 244447 3128
61 7044 6 172173 240555 68382
279 7043 6 180289 243237 62948
128 6997 7 184151 249655 65504
41 7017 7 178679 227609 48930
70 6893 7 222202 243472 21270
125 6894 7 210195 220324 10129
115 6968 8 195384 249896 54512
307 7024 7 261823 306432 44609
166 7005 8 224508 253942 29434
50 7024 7 267601 309098 41497
137 6965 7 190888 241035 50147
126 7011 7 252240 269776 17536
171 7003 8 175114 247317 72203
133 6968 6 217728 240709 22981
75 6955 6 186339 277175 90836
146 6939 6 179901 265350 85449
175 6974 6 179592 236893 57301
228 6937 7 196242 227718 31476
114 7012 6 210321 238104 27783
271 7004 7 193233 219918 26685
209 7028 7 242214 288608 46394
26 7034 6 203393 244804 41411
165 6980 6 212785 295745 82960
130 6945 7 186993 290234 103241
207 7026 6 187344 207875 20531
267 6983 7 213156 262315 49159
158 6930 6 247453 262484 15031
320 7034 7 211107 253913 42806
74 6929 7 272407 272945 538
58 6969 7 207407 235585 28178
127 6995 8 166065 235072 69007
50 7001 9 177427 214682 37255
52 6946 6 203230 230311 27081
19 7047 6 212812 247679 34867
238 6937 7 191510 255483 63973
126 7016 6 227182 249158 21976
113 6979 7 186694 261174 74480
284 6982 7 199744 261682 61938
127 7416 7 191998 313013 121015
226 7380 7 216851 246688 29837
145 7337 7 186443 233985 47542
115 7297 7 270039 305764 35725
31 7325 7 176616 247820 71204
216 7449 7 291939 331926 39987
125 7430 7 207200 274443 67243
251 7304 7 197754 301672 103918
172 7343 7 211836 246992 35156
155 7383 7 277858 292863 15005
199 7347 7 189698 238958 49260
83 7362 9 227477 254036 26559
244 7366 7 229699 266332 36633
36 7401 8 227089 267073 39984
295 7369 7 211118 266990 55872
245 7351 7 172725 241033 68308
260 7363 7 180844 302549 121705
188 7344 7 238095 274416 36321
343 7414 8 187259 226019 38760
239 7331 8 199963 257166 57203
141 7382 7 183301 235289 51988
96 7380 7 214656 290681 76025
344 7346 6 274017 332951 58934
197 7316 7 167417 286008 118591
92 7418 7 200541 268181 67640
175 7281 7 205842 272463 66621
249 7357 8 276876 285447 8571
297 7328 7 246421 286025 39604
218 7299 6 199805 261747 61942
200 7417 8 174252 257018 82766
76 7392 7 215251 303926 88675
278 7343 7 235549 248269 12720
185 7362 7 206225 223395 17170
165 7334 7 183739 230729 46990
133 7321 7 180568 268901 88333
170 7350 7 185321 242756 57435
73 7388 7 198900 276953 78053
177 7328 7 270233 320513 50280
155 7257 7 182890 239683 56793
258 7306 7 212956 251828 38872
66 7304 7 205057 246422 41365
60 7446 7 244024 288542 44518
246 7338 8 228606 247919 19313
92 7383 7 201601 237244 35643
283 7347 7 225295 248958 23663
181 7366 6 232505 265508 33003
67 7265 6 197037 248031 50994
37 7348 7 198105 255086 56981
69 7465 7 181377 250830 69453
135 7281 6 207437 260090 52653
