3.2 3.12 2.8 2.88 2.96 2.8 2.88 3.68 2.64 3.2 3.2 2.64 3.28 3.12 2.8 3.12 3.04 2.72 3.36 3.2 2.96 3.36 2.72 3.12 3.28 3.52 3.28 3.12 3.12 3.6 3.12 3.2 2.96 3.36 3.12 3.04 3.52 2.8 3.12 2.88 3.2 3.36 3.2 3.52 3.68 3.2 3.12 3.28 3.52 3.2 
3.32 3.28 2.96 3.12 3.04 3.36 3.12 3.04 3.24 2.8 2.96 3.4 3.16 3.64 3 2.96 3.16 3.08 3.24 3.36 2.84 3.04 3.08 3.24 2.96 3.24 3.12 3.36 3.08 3.16 3.12 3.16 3.04 3.16 3.24 3.08 2.88 3.2 3 2.92 3.28 3.36 3.04 3 2.96 3.16 3.2 3.16 3.28 3.16 
3.2 2.93333 3.17333 3.17333 2.98667 3.06667 3.14667 3.12 3.14667 3.2 3.06667 3.22667 3.06667 3.17333 3.14667 3.38667 2.82667 3.2 3.14667 3.09333 3.12 3.09333 3.14667 3.09333 3.17333 2.96 3.14667 3.38667 2.93333 3.28 3.22667 3.04 3.17333 2.98667 3.33333 3.30667 2.90667 3.25333 2.98667 3.01333 3.14667 3.38667 3.2 3.28 2.98667 3.09333 3.06667 2.88 3.09333 3.33333 
3.18 3.06 3.1 3.24 3.36 3.32 3.22 3.38 2.96 3.16 3.42 3.42 3.08 3.1 3.2 3.32 3.16 3.24 3.04 3 3.24 3.24 3.16 3.22 3.26 3.18 3.1 3.24 3 3.18 3.1 3.22 3.34 3.18 3.14 3.06 3.1 2.9 3.12 3.22 3.24 3.28 3.12 3.14 3.18 3.04 3.3 3.26 2.9 3.18 
3.344 3.12 3.216 3.184 3.28 3.152 3.344 3.12 3.184 3.168 3.328 3.104 3.2 3.056 3.04 3.12 3.264 3.152 3.04 3.232 3.184 3.136 3.168 3.152 3.248 3.072 3.136 3.248 3.056 3.024 3.248 2.928 3.088 3.104 3.024 3.136 3.104 3.184 3.152 3.072 2.992 3.168 3.152 3.168 3.248 3.232 3.216 3.104 3.264 3.104 
3.12 3.09333 3.18667 3.17333 3.13333 3.05333 3.02667 3.12 3.14667 3.37333 3.24 3 3.18667 3.05333 3.14667 3.08 3.01333 3.24 3.13333 3.12 3.2 3.14667 2.89333 3.06667 3.22667 3.22667 3.17333 3.18667 3.18667 3.18667 2.96 3.32 3.08 3.10667 3.17333 3.30667 3.18667 3.17333 3.22667 3.04 2.93333 3.28 3.05333 3.18667 3.17333 3.12 3.08 3.28 3.10667 3.13333 
3.01714 3.21143 3.12 3.07429 3.02857 3.07429 3.16571 3.04 3.13143 3.29143 3.24571 3.14286 3.17714 3.2 3.2 3.16571 3.10857 3.08571 3.16571 3.16571 3.13143 3.15429 3.25714 3.05143 3.01714 3.17714 3.08571 3.10857 3.15429 3.31429 3.10857 3.21143 3.28 2.92571 3.17714 3.15429 3.18857 3.08571 3.07429 3.12 3.26857 3.30286 3.25714 3.24571 2.99429 3.30286 3.2 3.00571 3.14286 3.16571 
3.04 3.13 3.17 3.12 3 3.07 3.18 3.15 3.09 3.13 3.05 3.02 3.27 2.98 3.22 3.06 3.21 3.13 3.23 3.07 3.12 3.1 3.14 2.97 3.08 2.99 3.03 3.13 3.15 3.13 3.05 3.16 3.18 3.21 3.14 3.27 3.16 3.29 3.22 3.21 3.37 3.13 3.03 3.16 3.05 3.1 3.07 3.05 3.36 3.19 
3.10222 3.26222 2.95111 3.17333 3.10222 3.04 3.02222 3.02222 3.16444 3.2 3.20889 3.25333 3.16444 3.11111 3.18222 3.11111 3.26222 3.28 3.12889 3.02222 2.97778 3.05778 3.02222 3.08444 3.12 3.05778 3.06667 3.04 3.16444 3.06667 3.00444 3.10222 3.02222 3.12889 3.19111 3.05778 3.12 3.02222 3.21778 3.15556 3.14667 3.04 3.11111 3.14667 3.16444 3.10222 3.20889 3.02222 3.12889 3.11111 
3.176 3.112 3.08 2.952 3.112 3.088 3.16 3.056 3.144 3.032 3.216 3.2 3.12 3.04 3.216 3.088 3.264 3.144 3.192 3.104 3.072 3.16 3.112 3.136 3.072 3.152 3.088 3.208 3 3.192 3.248 3.064 3.168 3.168 3.264 3.232 3.2 3.12 3.2 3.152 3.152 3.288 3.152 3.104 3.152 3.352 3.088 3.12 3.16 3.024 
3.23636 3.17818 3.25091 3.11273 3.13455 3.06909 3.17818 3.14182 3.03273 3.09818 3.13455 3.10545 3.16364 3.24364 3.04 3.10545 3.22182 3.14909 3.16364 3.17818 3.14909 3.13455 3.22909 3.06182 3.09091 3.04 3.09091 3.09091 3.17091 3.09818 3.17818 3.17818 3.22909 3.14909 3.15636 3.14182 3.15636 3.14909 3.17818 3.14182 3.14909 3.05455 3.06909 3.12 3.10545 3.21455 3.12727 3.21455 3.18545 3.25818 
3.22 3.14 3.21333 3.17333 3.05333 3.08 2.94 3.26667 3.16 3.26667 3.08 3.18667 3.09333 3.20667 3.15333 3.1 3.19333 3.12 3.04667 3.03333 3.12 3.16667 3.2 3.24 3.2 3.14 3.21333 3.21333 3.10667 3 3.16667 3.16 3.16 3.21333 3.14667 3.22 3.16 3.07333 3.03333 3.18 3.14 3.03333 3.22667 3.14 3.00667 3.13333 3.15333 3.15333 3.05333 3.08667 
3.15692 3.07077 3.07692 3.26769 3.09538 3.09538 3.29231 3.06462 3.13846 3.14462 3.22462 3.14462 3.27385 3.19385 2.94154 3.10154 3.11385 3.19385 3.10154 3.24923 3.08923 3.10769 3.13231 3.03385 3.20615 3.00308 3.05846 3.12615 3.21846 3.08923 2.99077 3.16923 3.15077 3.13846 3.11385 3.24308 3.25538 3.14462 3.08923 3.12615 3.21846 3.12615 3.16308 3.09538 3.16923 3.08923 3.05846 3.30462 3.04615 3.22462 
3.19429 3.23429 3.13714 3.18286 3.05714 3.08 3.21143 3.15429 3.01143 3.22286 3.06286 3.2 3.13714 3.11429 3.10857 3.08571 3.17714 3.08 3.08571 3.14857 3.07429 3.01714 3.16571 3.21714 3.09143 3.12571 3.04571 3.2 3.16 3.20571 3.10857 3.10857 3.14857 3.15429 3.21143 3.05143 3.10857 3.08571 3.18857 3.25143 3.11429 3.21143 3.13714 3.18286 3.13143 3.23429 2.99429 3.18286 3.14857 3.14286 
3.10933 3.13067 3.13067 3.17867 3.04533 3.14667 3.136 3.136 3.16267 3.21067 3.17867 3.232 3.264 3.21067 3.09867 3.104 3.16267 3.12 3.17333 3.15733 3.072 3.152 3.08267 3.24267 3.11467 3.2 3.16267 3.136 3.12 3.14133 3.12 3.184 3.21067 3.08267 3.216 3.15733 3.14133 3.09867 3.10933 3.136 3.15733 3.10933 3.13067 3.24267 3.11467 3.184 3.04533 3.03467 3.09333 3.20533 
3.235 3.085 3.1 3.11 3.25 3.045 3.195 3.225 3.14 3.14 3.185 3.145 3.23 3.075 3.145 3.13 3.13 3.045 3.12 3.13 3.12 3.19 3.18 3.125 3.175 3.2 3.225 3.105 3.12 3.145 3.215 3.185 3.22 3.12 3.21 3.05 3.205 3.205 3.185 3.095 3.165 3.21 3.195 3.18 3.19 3.07 3.145 3.185 3.14 3.2 
3.14353 3.22824 3.16706 3.21412 3.16235 3.18588 3.2 3.26588 3.14353 3.08706 3.11529 3.12471 3.17647 3.13882 3.22353 3.07765 3.10118 3.22353 3.09647 3.11059 3.13882 3.13412 3.08235 3.15765 3.14824 3.16706 3.09176 3.2 3.20941 3.16235 3.10118 3.17647 3.12941 3.25176 3.13412 3.07765 3.28941 3.09176 3.17647 3.04 3.11059 3.15294 3.09176 3.14353 3.22353 3.13412 3.15765 3.21882 3.09647 3.20941 
3.16444 3.24444 3.09778 3.16444 3.12444 3.07556 3.19556 3.24889 3.21778 3.25778 3.16 3.14222 3.11556 2.99556 3.05333 3.13333 3.17333 3.15111 3.27111 3.12889 3.07556 3.06222 3.11111 3.15556 3.09333 3.09333 3.04444 3.20889 3.15556 3.11111 3.18667 3.04 3.01333 3.19111 3.14667 3.12 3.10667 3.20889 3.13778 3.18222 3.13778 3.15111 3.07111 3.02667 3.18667 3.09333 3.04 3.22667 3.19556 3.24889 
3.20421 3.06526 3.13263 3.00632 3.28 3.10316 3.09474 3.09053 3.17053 3.09474 3.20842 3.16211 3.09895 3.13263 3.06526 3.17895 3.01053 3.15368 3.22947 3.27158 3.19158 3.07789 3.14947 3.17474 3.10737 3.12421 3.19158 3.12 3.12842 3.15368 3.06947 3.06947 3.09895 3.13263 3.2 3.12842 3.23789 3.12 3.15789 3.12 3.12421 3.07789 3.06947 3.16632 3.20842 3.20421 3.19158 3.10737 3.06105 3.14105 
3.176 3.12 3.1 3.112 3.22 3.056 3.168 3.048 3.048 3.136 3.08 3.124 3.128 3.148 3.136 3.1 3.176 3.056 3.116 3.22 3.288 3.156 3.164 3.108 3.184 3.12 3.124 3.136 3.14 3.196 3.144 3.144 3.18 3.108 3.144 3.196 3.216 3.168 3.204 3.036 3.076 3.168 3.148 3.156 3.16 3.084 3.1 3.132 3.26 3.184 
3.10095 3.14667 3.06667 3.15429 3.11619 3.15048 3.17714 3.22667 3.10476 3.18476 3.1619 3.11238 3.12381 3.13905 3.16952 3.05143 2.98667 3.15048 3.25333 3.14667 3.05524 3.16571 3.09333 3.00571 3.16571 3.21143 3.11619 3.15429 3.16571 3.1619 3.14286 3.22286 3.08952 3.11619 3.11619 3.17714 3.15048 3.12762 3.14286 3.0819 3.09714 3.05905 3.11619 3.08571 3.14667 3.11619 3.13905 3.08952 3.07429 3.10095 
3.10182 3.15273 3.08727 3.16727 3.18182 3.21091 3.13455 3.10182 3.15636 3.18182 3.16 3.05818 3.14182 3.13091 3.09091 3.13091 3.24 3.14545 3.08364 3.03273 3.23273 3.12 3.18545 3.19273 3.15273 3.15636 3.09818 3.12 3.05455 3.17091 3.16 3.12364 3.16 3.19636 3.17091 3.12 3.16364 3.16 3.13818 3.14909 3.13091 3.18909 3.22545 3.09455 3.10545 3.11636 3.22182 3.14545 3.18182 3.05455 
3.15478 3.17217 3.13043 3.13391 3.20348 3.10261 3.12 3.15826 3.22087 3.20696 3.15478 3.11304 3.15826 3.06435 3.09217 3.12 3.13391 3.13043 3.20348 3.0887 3.13391 3.04696 3.18261 3.15826 3.17913 3.1513 3.09913 3.13391 3.13043 3.09217 3.10957 3.17913 3.1687 3.17913 3.15826 3.12696 3.14783 3.22783 3.14435 3.09913 3.10957 3.08174 3.12 3.09217 3.13391 3.21043 3.15826 3.14087 3.10957 3.15478 
3.17333 3.18 3.08 3.19 3.03 3.03333 3.23667 3.10667 3.16333 3.08333 3.11333 3.08333 3.15667 3.12667 3.17667 3.11333 3.13333 3.16667 3.23333 3.13 3.11333 3.09667 3.15333 3.2 3.12667 3.17333 3.13333 3.19667 3.16667 3.14667 3.09667 3.05667 3.20333 3.12667 3.18 3.10333 3.09333 3.11667 3.12333 3.09 3.09 3.17 3.2 3.03 3.06333 3.12 3.09333 3.08 3.09 3.14667 
3.1328 3.0944 3.1296 3.1296 3.1968 3.1168 3.1296 3.1456 3.0976 3.1072 3.088 3.1392 3.1392 3.2224 3.104 3.2032 3.12 3.1584 3.0912 3.0944 3.0624 3.2256 3.1488 3.2128 3.1584 3.2384 3.1744 3.0816 3.1392 3.0688 3.0496 3.2064 3.1424 3.1328 3.1104 3.12 3.1104 3.1168 3.1936 3.1968 3.1328 3.104 3.1936 3.1456 3.0944 3.152 3.1616 3.1104 3.2288 3.1008 
3.11077 3.22462 3.21846 3.16615 3.15385 3.15077 3.11385 3.20615 3.16 3.08615 3.10769 3.15077 3.18154 3.16308 3.12923 3.12923 3.11077 3.16923 3.19385 3.06154 3.19385 3.02154 3.14462 3.12308 3.14154 3.21231 3.21231 3.15692 3.12308 3.13846 3.13846 3.08 3.12 3.14769 3.06462 3.01538 3.14154 3.19692 3.16615 3.16308 3.19077 3.22154 3.15385 3.23692 3.01231 3.17538 3.15385 3.14769 3.14462 3.07077 
3.07259 3.18519 3.1437 3.11111 3.08148 3.15259 3.11704 3.2237 3.11704 3.21185 3.23259 3.04593 3.04 3.15259 3.08444 3.18519 3.17333 3.03407 3.11704 3.12296 3.08741 3.07259 3.03111 3.08741 3.08444 3.15259 3.10519 3.18815 3.20593 3.08741 3.14963 3.19407 3.14963 3.24741 3.11407 3.11407 3.1437 3.12593 3.13481 3.17333 3.14074 3.12889 3.14074 3.14667 3.0963 3.17926 3.12889 3.14074 3.14667 3.13481 
3.12 3.15714 3.18571 3.14571 3.18 3.12286 3.10571 3.13714 3.16286 3.17429 3.05714 3.13714 3.06 3.10857 3.17429 3.15714 3.14857 3.08286 3.18 3.16857 3.13143 3.12857 3.14857 3.23429 3.09714 3.12286 3.18 3.22286 3.21429 3.15714 3.18 3.10857 3.16857 3.09429 3.13714 3.09714 3.13714 3.16857 3.14571 3.22857 3.14571 3.07714 3.08286 3.10286 3.12571 3.18 3.21429 3.09429 3.16286 3.21714 
3.12828 3.22483 3.1531 3.15034 3.14759 3.14759 3.1531 3.08138 3.06483 3.11724 3.0869 3.12828 3.14483 3.15034 3.08138 3.12552 3.09241 3.12828 3.1531 3.17517 3.14483 3.10621 3.16138 3.13655 3.16966 3.17517 3.09517 3.08414 3.02345 3.1669 3.14759 3.18069 3.16414 3.10345 3.04828 3.12 3.11448 3.12276 3.16138 3.12828 3.10345 3.12 3.16966 3.14759 3.08414 3.06207 3.22483 3.16138 3.18621 3.04552 
3.13333 3.16267 3.21067 3.12533 3.064 3.208 3.10133 3.14933 3.13867 3.168 3.12533 3.09867 3.16533 3.11733 3.144 3.14667 3.16267 3.16267 3.16 3.13067 3.144 3.15733 3.144 3.06667 3.10933 3.12 3.17867 3.2 3.216 3.14133 3.13867 3.10667 3.17067 3.184 3.128 3.12533 3.10667 3.15733 3.192 3.13867 3.06133 3.13067 3.15467 3.13067 3.224 3.17867 3.16 3.13333 3.13867 3.12533 
3.21548 3.13032 3.09677 3.08645 3.10968 3.11742 3.08129 3.18968 3.07355 3.25161 3.13548 3.15871 3.16645 3.11226 3.13548 3.15613 3.11742 3.15871 3.1071 3.11226 3.21032 3.12258 3.2671 3.07871 3.11742 3.14581 3.19742 3.13806 3.12 3.18452 3.16387 3.16129 3.1871 3.09935 3.18452 3.16129 3.16129 3.14839 3.17161 3.1871 3.17161 3.15097 3.06839 3.07871 3.15355 3.12516 3.11484 3.22581 3.18194 3.11742 
3.1575 3.145 3.1725 3.06 3.1325 3.13 3.1425 3.1775 3.1325 3.0875 3.1375 3.18 3.1625 3.1075 3.17 3.1575 3.2225 3.1525 3.105 3.1175 3.155 3.17 3.1225 3.2075 3.2225 3.1375 3.1525 3.115 3.1775 3.1025 3.1775 3.105 3.1 3.18 3.155 3.2075 3.1 3.1775 3.1375 3.18 3.135 3.11 3.135 3.0925 3.115 3.1075 3.1875 3.175 3.0425 3.115 
3.20242 3.1103 3.12242 3.14182 3.18303 3.08606 3.13455 3.22909 3.21455 3.14182 3.06182 3.1103 3.14424 3.15636 3.07152 3.10788 3.11515 3.20242 3.14424 3.10061 3.12727 3.06909 3.21212 3.14182 3.13697 3.1903 3.11515 3.12 3.12485 3.11515 3.14424 3.06909 3.19515 3.10061 3.12 3.16848 3.13212 3.1297 3.09576 3.14182 3.13939 3.1297 3.06424 3.08606 3.17091 3.16848 3.15394 3.1103 3.20242 3.07879 
3.10588 3.19059 3.19059 3.13882 3.14353 3.15059 3.10353 3.18353 3.14353 3.29647 3.10118 3.17412 3.08471 3.17647 3.15529 3.17882 3.19294 3.12941 3.11529 3.17647 3.13882 3.18353 3.16235 3.16706 3.15294 3.18118 3.07059 3.18588 3.19765 3.10588 3.18353 3.11059 3.20706 3.06588 3.19059 3.16706 3.16941 3.10588 3.06118 3.16235 3.12471 3.19059 3.10588 3.08471 3.15529 3.16706 3.06824 3.16941 3.17412 3.13176 
3.17486 3.14743 3.16114 3.17029 3.11543 3.19771 3.16571 3.16571 3.09257 3.15657 3.17029 3.21829 3.184 3.18857 3.22057 3.15429 3.10171 3.12686 3.08571 3.16343 3.18857 3.19314 3.12457 3.17943 3.16343 3.09943 3.18857 3.17486 3.13829 3.04 3.17486 3.17943 3.2 3.06971 3.13371 3.17714 3.09943 3.15429 3.13143 3.15657 3.12 3.06743 3.16343 3.16571 3.13143 3.152 3.15429 3.16571 3.12914 3.17486 
3.14667 3.12889 3.16222 3.08667 3.14667 3.16 3.13556 3.17333 3.13556 3.13333 3.15333 3.13111 3.12 3.16222 3.16 3.12667 3.12444 3.10667 3.07333 3.13778 3.17333 3.17111 3.17778 3.18667 3.11111 3.14 3.11111 3.17111 3.12889 3.17778 3.14667 3.12667 3.14444 3.12889 3.09111 3.11333 3.06667 3.05333 3.09778 3.14222 3.11778 3.16444 3.09111 3.10444 3.15111 3.11333 3.12889 3.16222 3.14222 3.07778 
3.20649 3.04865 3.11351 3.14162 3.15676 3.1373 3.18919 3.07676 3.16541 3.15243 3.13081 3.11135 3.11568 3.11135 3.15892 3.15892 3.13514 3.14378 3.17622 3.10486 3.22378 3.17189 3.16757 3.04432 3.13081 3.20649 3.12 3.15027 3.07027 3.12865 3.23459 3.19135 3.15676 3.10054 3.18054 3.13081 3.15676 3.12 3.19784 3.14162 3.11568 3.09405 3.06595 3.14162 3.14378 3.12649 3.17189 3.17189 3.14162 3.19784 
3.09053 3.10105 3.11789 3.07579 3.15579 3.18105 3.10105 3.20842 3.13895 3.14947 3.11368 3.21053 3.14526 3.16 3.06316 3.19368 3.12 3.06947 3.16 3.15579 3.18947 3.15368 3.15158 3.17053 3.18947 3.16842 3.10316 3.13895 3.21263 3.22105 3.12842 3.16 3.11789 3.18737 3.21053 3.13684 3.11579 3.16 3.07579 3.20211 3.20421 3.14526 3.18526 3.19158 3.14947 3.12 3.08 3.13263 3.11368 3.17474 
3.21436 3.14667 3.10359 3.06872 3.1159 3.08513 3.09744 3.05436 3.1241 3.12821 3.12205 3.10154 3.16308 3.12821 3.15487 3.14872 3.14051 3.17949 3.11795 3.12205 3.16103 3.16308 3.14872 3.17128 3.21026 3.1241 3.17744 3.10974 3.08923 3.09128 3.15282 3.08718 3.14256 3.15487 3.17949 3.16718 3.1241 3.12615 3.1159 3.18974 3.15077 3.20615 3.17128 3.12 3.06256 3.14462 3.16103 3.09949 3.13231 3.13641 
3.184 3.118 3.042 3.074 3.132 3.118 3.17 3.066 3.22 3.186 3.176 3.188 3.146 3.152 3.148 3.082 3.124 3.116 3.198 3.142 3.198 3.192 3.18 3.126 3.14 3.184 3.168 3.146 3.154 3.122 3.136 3.106 3.15 3.08 3.122 3.132 3.09 3.15 3.13 3.132 3.154 3.218 3.152 3.1 3.142 3.116 3.1 3.182 3.184 3.168 
3.15902 3.15317 3.14146 3.12195 3.14927 3.1278 3.17854 3.16878 3.19415 3.15122 3.15512 3.17854 3.09854 3.20195 3.15122 3.11415 3.09268 3.08293 3.12195 3.15317 3.12195 3.14927 3.14341 3.07902 3.1278 3.12585 3.10049 3.16293 3.08098 3.13171 3.1961 3.17659 3.11805 3.11805 3.1278 3.09463 3.16098 3.16878 3.03415 3.1122 3.08878 3.16683 3.08878 3.2 3.14146 3.18244 3.13171 3.09268 3.21171 3.12 
3.10476 3.16952 3.11619 3.10476 3.13905 3.1219 3.16 3.09905 3.05524 3.11619 3.11048 3.17333 3.1219 3.20381 3.12571 3.1619 3.16762 3.14857 3.15048 3.10286 3.08762 3.14857 3.13143 3.13905 3.18286 3.10095 3.23048 3.2 3.15238 3.18857 3.06286 3.10476 3.08571 3.14095 3.13524 3.1581 3.16762 3.17905 3.19429 3.17333 3.14667 3.12762 3.07429 3.15048 3.2019 3.09143 3.08571 3.17905 3.13905 3.17524 
3.22605 3.13116 3.15163 3.12744 3.16279 3.09953 3.1293 3.15163 3.12 3.14047 3.11814 3.12186 3.15349 3.20372 3.1293 3.16093 3.13302 3.08465 3.12 3.09767 3.17767 3.11628 3.14977 3.10512 3.14047 3.17767 3.15349 3.1386 3.25395 3.09767 3.10698 3.10698 3.12744 3.15721 3.14791 3.13302 3.15907 3.10512 3.14419 3.11442 3.07721 3.1293 3.11814 3.14791 3.20186 3.12558 3.12558 3.21302 3.03256 3.15349 
3.13636 3.10545 3.19455 3.14182 3.11273 3.14 3.10727 3.10182 3.11273 3.10727 3.18182 3.10727 3.12182 3.09636 3.03091 3.12545 3.15273 3.14727 3.10364 3.13636 3.20364 3.12909 3.09273 3.10182 3.19273 3.14545 3.15636 3.15455 3.13455 3.15091 3.09636 3.13818 3.11091 3.17455 3.14364 3.13091 3.11636 3.15273 3.15091 3.19818 3.08364 3.14364 3.2 3.10727 3.07636 3.16364 3.10727 3.08 3.06909 3.16909 
3.21244 3.14844 3.18044 3.12889 3.12889 3.15911 3.17333 3.168 3.13067 3.04 3.12 3.13067 3.12356 3.09511 3.136 3.13067 3.19111 3.12533 3.12889 3.19289 3.16267 3.14311 3.15733 3.12889 3.12356 3.10578 3.18578 3.10578 3.10756 3.13956 3.18044 3.11111 3.13422 3.16089 3.14844 3.12533 3.10044 3.14667 3.10222 3.12533 3.16444 3.13244 3.19289 3.21067 3.13956 3.11111 3.16267 3.13244 3.12178 3.136 
3.14261 3.03478 3.14609 3.08348 3.13043 3.14261 3.12174 3.18087 3.12174 3.14957 3.10783 3.08522 3.18435 3.1687 3.07304 3.1287 3.19304 3.13565 3.15304 3.08696 3.16 3.09391 3.10783 3.10087 3.15826 3.13391 3.13913 3.15304 3.12696 3.06957 3.11826 3.16174 3.10087 3.16522 3.16522 3.22435 3.13913 3.14435 3.13043 3.13217 3.11304 3.12 3.12 3.14087 3.10087 3.14609 3.13391 3.12 3.14957 3.17217 
3.14213 3.14213 3.10979 3.1217 3.16766 3.17447 3.16426 3.16085 3.1217 3.10638 3.2 3.15234 3.08596 3.15915 3.14213 3.09277 3.18468 3.16426 3.13532 3.19319 3.2034 3.13532 3.1217 3.13532 3.17617 3.1217 3.09106 3.10128 3.05872 3.16085 3.13021 3.16255 3.14553 3.2 3.14894 3.13702 3.13872 3.14553 3.16766 3.07574 3.18128 3.17106 3.13532 3.13021 3.10979 3.05362 3.16426 3.14213 3.11149 3.13702 
3.16833 3.14333 3.10667 3.17667 3.12833 3.18833 3.19167 3.14833 3.12 3.115 3.12167 3.105 3.16667 3.16667 3.15 3.18 3.15 3.14667 3.125 3.14833 3.16167 3.115 3.16333 3.16 3.13833 3.11333 3.10333 3.14167 3.20833 3.10833 3.17667 3.10167 3.18 3.15 3.06667 3.09 3.17667 3.08 3.14333 3.125 3.12833 3.04667 3.12833 3.13333 3.18 3.16 3.18667 3.155 3.1 3.13333 
3.18367 3.10041 3.17878 3.1249 3.13469 3.14449 3.13469 3.15592 3.18531 3.1951 3.17224 3.14122 3.13633 3.15592 3.13959 3.18367 3.11837 3.14286 3.15755 3.18367 3.21633 3.19673 3.15102 3.10041 3.15592 3.16735 3.15102 3.12653 3.09878 3.17061 3.18857 3.09224 3.13143 3.07429 3.11347 3.10367 3.11673 3.13469 3.17388 3.16735 3.12163 3.22449 3.13469 3.03673 3.15592 3.12816 3.15265 3.18857 3.09388 3.12 
3.1168 3.1024 3.1664 3.144 3.1888 3.1712 3.1584 3.1536 3.1808 3.136 3.16 3.1408 3.1952 3.144 3.1312 3.184 3.144 3.1376 3.1392 3.0928 3.0976 3.1776 3.1488 3.1792 3.208 3.072 3.1632 3.1856 3.0752 3.12 3.1808 3.1776 3.1456 3.128 3.1456 3.0848 3.1312 3.1264 3.1328 3.0752 3.1968 3.1712 3.1296 3.1232 3.1536 3.1152 3.1168 3.1584 3.1408 3.1728 
3.12627 3.13412 3.16549 3.13569 3.11843 3.13725 3.13569 3.10275 3.11843 3.1702 3.11373 3.17333 3.17804 3.15294 3.12157 3.1451 3.12157 3.11843 3.08235 3.19373 3.10275 3.16078 3.14667 3.09647 3.12941 3.08863 3.04157 3.14824 3.16235 3.12784 3.10275 3.1749 3.13412 3.14039 3.10902 3.12627 3.07765 3.10745 3.12157 3.13255 3.1451 3.12941 3.13725 3.15451 3.12471 3.19059 3.1451 3.17961 3.09804 3.09804 
3.09385 3.16154 3.06 3.08462 3.10769 3.15385 3.16 3.10308 3.15846 3.14923 3.16615 3.14615 3.17692 3.21692 3.13538 3.13385 3.13538 3.14923 3.15077 3.11231 3.15692 3.14615 3.15231 3.14615 3.18154 3.10615 3.12154 3.06615 3.16154 3.13385 3.17385 3.14 3.16 3.18 3.13692 3.12154 3.17846 3.16923 3.13846 3.10462 3.16923 3.13846 3.10154 3.16 3.19538 3.13692 3.13692 3.17231 3.10923 3.15846 
3.15472 3.11396 3.18642 3.13509 3.18038 3.13208 3.16377 3.1517 3.1366 3.10943 3.18038 3.12 3.15472 3.08377 3.14264 3.11698 3.13509 3.16075 3.14415 3.11245 3.12 3.1366 3.11849 3.17887 3.09736 3.13962 3.11094 3.17132 3.18642 3.13208 3.14868 3.06868 3.12453 3.1517 3.16226 3.17132 3.15925 3.14264 3.15623 3.1366 3.12151 3.18642 3.14415 3.15321 3.10943 3.1366 3.14868 3.12604 3.10943 3.16981 
3.13926 3.17926 3.14667 3.15407 3.15111 3.14519 3.15407 3.13778 3.14222 3.18074 3.16296 3.16889 3.18074 3.11111 3.1763 3.14963 3.17037 3.1363 3.12444 3.13037 3.07704 3.11852 3.13333 3.14519 3.14667 3.11259 3.12593 3.11407 3.18815 3.09926 3.10815 3.1437 3.18519 3.1837 3.16296 3.1363 3.16593 3.15259 3.1363 3.12148 3.16444 3.16444 3.11556 3.10519 3.07407 3.18074 3.12741 3.16593 3.11259 3.17481 
3.11418 3.10691 3.06764 3.14327 3.09964 3.12145 3.14182 3.14182 3.12 3.16364 3.11855 3.15491 3.15491 3.12873 3.15055 3.216 3.10109 3.09673 3.10691 3.21018 3.18691 3.09091 3.13018 3.13745 3.12582 3.16655 3.11273 3.09964 3.12291 3.16655 3.14764 3.16945 3.17091 3.11127 3.13745 3.14618 3.16945 3.13309 3.17673 3.12727 3.15636 3.16073 3.09527 3.14764 3.12873 3.10255 3.11855 3.17673 3.11418 3.15491 
3.14571 3.11143 3.21571 3.19 3.17571 3.15857 3.14857 3.10571 3.10714 3.09714 3.11429 3.14 3.20571 3.14 3.11429 3.14714 3.14571 3.17429 3.11714 3.12714 3.10143 3.15571 3.10714 3.16286 3.15143 3.17571 3.08571 3.13429 3.13571 3.13429 3.11143 3.10857 3.14571 3.14429 3.15429 3.12571 3.11143 3.13857 3.13429 3.11429 3.19857 3.14857 3.10286 3.16 3.17571 3.12429 3.16714 3.09 3.12857 3.15571 
3.07649 3.16351 3.18596 3.11298 3.15368 3.16912 3.17754 3.18737 3.13123 3.11579 3.2 3.14246 3.18456 3.16772 3.16211 3.13263 3.09895 3.13965 3.14246 3.14807 3.16491 3.11158 3.1214 3.1593 3.14246 3.09474 3.17193 3.08912 3.18456 3.10596 3.2014 3.14947 3.12842 3.14105 3.14105 3.13684 3.12982 3.14526 3.12 3.07368 3.15789 3.14807 3.17053 3.12702 3.10456 3.17333 3.1214 3.13544 3.12281 3.10316 
3.12966 3.17379 3.15034 3.17517 3.16552 3.1131 3.13931 3.16828 3.11724 3.14483 3.2069 3.13931 3.16 3.14621 3.18207 3.08 3.13931 3.15034 3.10483 3.10483 3.16276 3.13103 3.12276 3.10483 3.16966 3.18207 3.1531 3.18069 3.13103 3.13655 3.12552 3.12 3.16828 3.09379 3.10897 3.19862 3.15724 3.12966 3.17793 3.12 3.13103 3.16828 3.12 3.18759 3.11172 3.11586 3.20138 3.07448 3.16552 3.13103 
3.14034 3.15119 3.14712 3.17153 3.18508 3.11322 3.12136 3.16475 3.17424 3.14305 3.12678 3.11729 3.17831 3.11322 3.14305 3.17831 3.14847 3.11322 3.17153 3.19322 3.09424 3.14847 3.15797 3.1078 3.13085 3.12814 3.14034 3.11729 3.14169 3.14305 3.12542 3.18508 3.14576 3.18508 3.18508 3.1539 3.14034 3.13763 3.14576 3.15254 3.18237 3.12271 3.12136 3.14169 3.16203 3.14305 3.17153 3.16746 3.18508 3.12136 
3.15467 3.11733 3.13867 3.10667 3.11733 3.17067 3.084 3.14133 3.19067 3.192 3.14133 3.14667 3.108 3.144 3.13333 3.14267 3.11867 3.13867 3.14667 3.17333 3.108 3.12267 3.14267 3.19067 3.124 3.17867 3.144 3.18133 3.09467 3.15067 3.148 3.108 3.172 3.12667 3.11867 3.21733 3.132 3.16667 3.184 3.12267 3.13867 3.15067 3.17067 3.07867 3.164 3.15733 3.112 3.15467 3.132 3.14533 
3.12262 3.12525 3.1318 3.15541 3.10295 3.16852 3.1082 3.10951 3.13836 3.12262 3.11738 3.11475 3.12787 3.14361 3.10426 3.1777 3.17377 3.12 3.12525 3.20131 3.17639 3.16066 3.12656 3.17115 3.15279 3.13049 3.13049 3.11213 3.1082 3.14492 3.12 3.12787 3.08852 3.1659 3.18164 3.11082 3.17115 3.12656 3.20393 3.09902 3.10295 3.14885 3.11869 3.13967 3.09115 3.16328 3.16066 3.17639 3.16328 3.14754 
3.12387 3.12387 3.13548 3.14452 3.11355 3.16387 3.13161 3.19484 3.14968 3.0671 3.12774 3.15097 3.16 3.11355 3.20387 3.15097 3.12645 3.15355 3.08516 3.12516 3.14839 3.07613 3.1071 3.16774 3.09161 3.15097 3.16903 3.1729 3.12258 3.12258 3.18581 3.19097 3.13419 3.18839 3.2 3.15355 3.12645 3.09548 3.16129 3.17161 3.16258 3.16129 3.17677 3.08258 3.16903 3.17032 3.18581 3.1729 3.12258 3.15871 
3.14413 3.09841 3.0946 3.16571 3.15556 3.09841 3.15175 3.09841 3.14159 3.0819 3.15302 3.10095 3.13016 3.12762 3.15683 3.20508 3.13397 3.16698 3.18349 3.14159 3.14794 3.13016 3.05397 3.18476 3.13397 3.12 3.19111 3.14413 3.12889 3.14794 3.11492 3.18095 3.17206 3.14286 3.0781 3.16063 3.17587 3.10095 3.10984 3.12762 3.12508 3.08825 3.10857 3.17968 3.1327 3.10349 3.12254 3.08063 3.14794 3.13778 
3.1525 3.10375 3.085 3.11875 3.1925 3.11125 3.09625 3.14125 3.12875 3.1125 3.1375 3.17 3.1375 3.08375 3.19375 3.1375 3.1425 3.12375 3.145 3.105 3.145 3.19 3.1825 3.12125 3.13 3.14375 3.14 3.17375 3.13 3.12875 3.11125 3.1125 3.14875 3.11 3.1275 3.145 3.13375 3.17 3.15375 3.1075 3.1375 3.10875 3.11 3.12 3.135 3.10625 3.09375 3.125 3.16125 3.13375 
3.16062 3.11631 3.14092 3.16923 3.13477 3.11262 3.11262 3.12369 3.17538 3.07077 3.11262 3.08185 3.11015 3.08062 3.09785 3.12492 3.152 3.12246 3.08923 3.17785 3.20123 3.15938 3.14092 3.08431 3.17292 3.16185 3.09908 3.09538 3.15692 3.18154 3.20492 3.12 3.12369 3.13354 3.16554 3.16308 3.13354 3.12615 3.14462 3.12985 3.11385 3.14215 3.22585 3.14954 3.16431 3.20738 3.18523 3.18277 3.15569 3.072 
3.16848 3.13212 3.18303 3.14424 3.13091 3.10061 3.12848 3.13697 3.16 3.12364 3.10061 3.10788 3.11394 3.15273 3.17697 3.13818 3.15636 3.1503 3.14303 3.14424 3.13091 3.15515 3.12 3.13697 3.08848 3.15879 3.19515 3.15879 3.13091 3.12848 3.16364 3.14182 3.14788 3.21091 3.14424 3.14788 3.16121 3.14667 3.13939 3.11758 3.10182 3.13091 3.11394 3.1903 3.15394 3.14667 3.12364 3.18303 3.13091 3.09697 
3.17015 3.16776 3.13075 3.17015 3.12597 3.14866 3.15224 3.09254 3.12597 3.15104 3.16179 3.13313 3.15343 3.14746 3.13075 3.17373 3.15343 3.15463 3.12239 3.10448 3.12119 3.08896 3.17731 3.15582 3.13552 3.17254 3.15582 3.16299 3.14507 3.17254 3.16657 3.1797 3.1594 3.15104 3.11881 3.14507 3.0603 3.09731 3.1606 3.15463 3.14388 3.09612 3.14507 3.1009 3.18328 3.15463 3.11284 3.13194 3.12955 3.1391 
3.13294 3.15765 3.14706 3.11765 3.15529 3.16941 3.14235 3.12 3.09647 3.14353 3.19412 3.14588 3.15765 3.17882 3.13176 3.13176 3.08941 3.14 3.11294 3.17529 3.13882 3.16471 3.17882 3.21412 3.16471 3.10118 3.13176 3.15647 3.13059 3.16941 3.15529 3.10471 3.14118 3.16941 3.09882 3.14588 3.14 3.17059 3.13765 3.07176 3.14471 3.06941 3.15176 3.10824 3.07647 3.09882 3.13529 3.17059 3.15059 3.18353 
3.16058 3.15246 3.05971 3.11304 3.15594 3.14435 3.14667 3.13855 3.14551 3.13275 3.13623 3.09101 3.17217 3.13275 3.14899 3.06435 3.12812 3.14435 3.19188 3.17217 3.1571 3.1142 3.11652 3.10493 3.14435 3.1258 3.10609 3.12232 3.1571 3.17681 3.12812 3.15942 3.12348 3.14435 3.15826 3.12696 3.17101 3.13507 3.12928 3.17681 3.18957 3.14319 3.13739 3.15594 3.11304 3.13275 3.16754 3.10493 3.11304 3.12116 
3.17029 3.13257 3.16114 3.07771 3.19429 3.15771 3.13371 3.13714 3.16571 3.16571 3.09486 3.12457 3.17486 3.14629 3.14514 3.08229 3.12457 3.10971 3.13829 3.10629 3.16 3.09714 3.15543 3.18743 3.17829 3.15314 3.192 3.13371 3.12457 3.16686 3.16686 3.11543 3.07771 3.10971 3.20343 3.104 3.12229 3.13486 3.144 3.152 3.12343 3.14286 3.14743 3.15657 3.17257 3.168 3.11429 3.12457 3.13371 3.16 
3.16958 3.15493 3.16507 3.12338 3.14817 3.16056 3.14254 3.16282 3.08958 3.15606 3.06366 3.1831 3.15042 3.13915 3.14704 3.11324 3.17408 3.11437 3.14704 3.12901 3.11887 3.16056 3.13803 3.14817 3.17408 3.15831 3.08958 3.1662 3.10986 3.12225 3.12901 3.15944 3.20225 3.17296 3.12113 3.16394 3.14028 3.1707 3.1369 3.11324 3.12 3.17183 3.14592 3.1662 3.10085 3.1369 3.11324 3.15831 3.13014 3.14817 
3.10556 3.17222 3.12 3.16222 3.14556 3.15444 3.13 3.14889 3.14222 3.18333 3.15222 3.16889 3.16 3.18667 3.11667 3.13444 3.09556 3.15889 3.15222 3.12778 3.17667 3.12 3.17556 3.17889 3.16333 3.15222 3.20667 3.14111 3.18889 3.13 3.09 3.12667 3.13556 3.13333 3.15333 3.14111 3.14111 3.08778 3.18889 3.16444 3.16111 3.13 3.15444 3.13556 3.11889 3.12444 3.15111 3.07 3.16 3.17556 
3.10575 3.18247 3.15288 3.15288 3.13753 3.11342 3.18137 3.12329 3.16274 3.16493 3.14192 3.16164 3.10685 3.13315 3.16274 3.12438 3.16055 3.17041 3.11452 3.09041 3.11123 3.16493 3.13644 3.12329 3.13863 3.15178 3.16603 3.14192 3.12438 3.0937 3.10027 3.17918 3.15945 3.20877 3.11562 3.14411 3.16384 3.14082 3.16932 3.14301 3.16822 3.15178 3.16712 3.17589 3.18466 3.10685 3.12877 3.1726 3.18575 3.1211 
3.10919 3.19135 3.14486 3.13946 3.12541 3.14162 3.18486 3.12973 3.13514 3.18703 3.18378 3.13946 3.15459 3.16216 3.11351 3.11243 3.16973 3.12541 3.12757 3.14703 3.14054 3.18162 3.11135 3.0973 3.14919 3.15243 3.13514 3.12216 3.10919 3.13946 3.16757 3.14162 3.12649 3.09189 3.16216 3.14486 3.14595 3.1427 3.13838 3.14162 3.19351 3.18703 3.16324 3.13622 3.11459 3.13514 3.13838 3.10811 3.14595 3.11892 
3.1616 3.2 3.1008 3.11467 3.15093 3.11253 3.15413 3.1072 3.15947 3.16587 3.2128 3.13067 3.12427 3.13387 3.13493 3.14667 3.15413 3.13173 3.1648 3.12107 3.14773 3.13493 3.15093 3.1264 3.14133 3.12107 3.152 3.13813 3.1424 3.15627 3.1552 3.12107 3.13707 3.05387 3.18933 3.1552 3.1744 3.14773 3.18613 3.13173 3.14773 3.07627 3.10933 3.0848 3.09227 3.14347 3.15307 3.1296 3.13493 3.08907 
3.18 3.18632 3.12211 3.19684 3.16211 3.13263 3.13579 3.11789 3.13474 3.14 3.13053 3.17684 3.14211 3.16526 3.14211 3.17158 3.14526 3.17368 3.11684 3.13263 3.16105 3.15895 3.17579 3.11579 3.16 3.13474 3.19579 3.11053 3.12211 3.13263 3.12211 3.09368 3.14526 3.13579 3.13579 3.12421 3.16316 3.09895 3.15053 3.12 3.10842 3.09368 3.13263 3.11474 3.17684 3.14526 3.14632 3.12947 3.15263 3.20211 
3.12104 3.15221 3.15948 3.12 3.17506 3.13143 3.10961 3.14286 3.14182 3.13039 3.14182 3.12623 3.16364 3.15117 3.13974 3.12208 3.13143 3.15636 3.09922 3.12416 3.14078 3.15636 3.16571 3.12727 3.19896 3.16468 3.16364 3.15429 3.12519 3.11896 3.14805 3.09714 3.16675 3.14597 3.13974 3.10338 3.19792 3.10234 3.12623 3.17403 3.1626 3.16571 3.10753 3.1761 3.15117 3.14286 3.12312 3.11896 3.14909 3.17714 
3.13744 3.10667 3.15692 3.12205 3.12821 3.13846 3.11897 3.12923 3.17333 3.11487 3.12718 3.18154 3.13949 3.14256 3.15487 3.13436 3.13026 3.16821 3.19487 3.07897 3.13744 3.14256 3.14564 3.11897 3.16821 3.13128 3.12821 3.16205 3.15692 3.16205 3.14872 3.17333 3.1241 3.12103 3.11795 3.17333 3.12615 3.1559 3.15282 3.10769 3.17026 3.15897 3.15282 3.11282 3.12308 3.13436 3.10564 3.16103 3.1559 3.17949 
3.14532 3.17165 3.07747 3.16557 3.12203 3.19494 3.1757 3.16152 3.10886 3.14835 3.13013 3.13924 3.16253 3.17772 3.13418 3.13215 3.18886 3.11595 3.15342 3.17468 3.15646 3.15241 3.16152 3.12304 3.14228 3.17873 3.13924 3.10481 3.13823 3.13215 3.13519 3.13316 3.1281 3.12101 3.18582 3.15949 3.15241 3.09165 3.07544 3.1443 3.15747 3.12911 3.12405 3.12405 3.17165 3.11899 3.18987 3.16759 3.15544 3.18785 
3.095 3.099 3.128 3.135 3.121 3.11 3.076 3.158 3.138 3.095 3.143 3.12 3.181 3.163 3.146 3.155 3.225 3.116 3.17 3.176 3.161 3.095 3.14 3.129 3.13 3.129 3.159 3.182 3.127 3.134 3.137 3.164 3.084 3.146 3.122 3.162 3.175 3.169 3.181 3.155 3.15 3.168 3.134 3.16 3.148 3.159 3.159 3.132 3.198 3.168 
3.12395 3.14074 3.18519 3.10914 3.14864 3.13877 3.15753 3.17136 3.07852 3.11704 3.1358 3.1437 3.14667 3.14667 3.14667 3.1279 3.14173 3.20395 3.12296 3.17827 3.12296 3.16741 3.16049 3.17432 3.1921 3.13086 3.13284 3.14272 3.1516 3.1121 3.13383 3.16642 3.13679 3.1842 3.18222 3.13877 3.12889 3.11802 3.18716 3.12395 3.12099 3.09235 3.15259 3.14667 3.17926 3.1121 3.09926 3.16741 3.10025 3.14765 
3.12683 3.1278 3.13561 3.1522 3.11512 3.15317 3.12585 3.14049 3.13561 3.14341 3.13659 3.17463 3.13756 3.13756 3.13756 3.15024 3.14732 3.14244 3.16293 3.12683 3.15902 3.14341 3.12878 3.15317 3.13756 3.1122 3.14634 3.13463 3.13951 3.18244 3.18341 3.2078 3.16976 3.15415 3.15415 3.13268 3.08683 3.13951 3.11317 3.11122 3.16098 3.12 3.13854 3.09756 3.09171 3.17171 3.15512 3.18244 3.12098 3.11415 
3.12096 3.10072 3.14988 3.10072 3.12578 3.14699 3.15663 3.15952 3.10747 3.08241 3.12289 3.14602 3.12386 3.18072 3.13253 3.1306 3.11614 3.13735 3.15855 3.13639 3.11904 3.17494 3.11904 3.18361 3.16048 3.17783 3.17398 3.13928 3.12675 3.16434 3.15952 3.13735 3.13928 3.15952 3.11422 3.13928 3.17976 3.13928 3.13928 3.11422 3.0853 3.1441 3.19133 3.18361 3.15373 3.11422 3.2212 3.13253 3.15373 3.12096 
3.18 3.11429 3.15619 3.14667 3.18381 3.14381 3.18476 3.13333 3.11619 3.17905 3.13619 3.14762 3.15048 3.13048 3.14667 3.1419 3.14286 3.07429 3.15524 3.12 3.11143 3.17905 3.12476 3.10762 3.15524 3.16476 3.11429 3.12381 3.17238 3.12476 3.15238 3.09619 3.15143 3.15524 3.16095 3.11714 3.12667 3.20857 3.13905 3.14667 3.16667 3.18762 3.12381 3.14095 3.08476 3.09714 3.1419 3.1419 3.14095 3.14667 
3.15388 3.14447 3.13412 3.10871 3.15765 3.10965 3.12753 3.09271 3.18024 3.152 3.14635 3.15012 3.14259 3.15106 3.16706 3.13506 3.152 3.136 3.16518 3.14353 3.13035 3.15953 3.11906 3.13788 3.12659 3.15294 3.13882 3.13129 3.11435 3.14353 3.17176 3.11529 3.15388 3.09176 3.13035 3.18118 3.11624 3.13318 3.15012 3.136 3.15576 3.12941 3.13412 3.13035 3.14635 3.11812 3.15106 3.17647 3.16706 3.13882 
3.14698 3.17674 3.14047 3.15814 3.13395 3.09953 3.1507 3.16 3.15256 3.12837 3.13581 3.14233 3.1107 3.15628 3.15628 3.10977 3.1293 3.15721 3.10419 3.1107 3.09953 3.17581 3.12093 3.14791 3.14605 3.1293 3.15628 3.14884 3.14047 3.19442 3.14047 3.16186 3.11535 3.1107 3.13116 3.1814 3.11907 3.11721 3.1786 3.11349 3.13674 3.14419 3.13581 3.12837 3.13023 3.16837 3.14884 3.13488 3.11349 3.13581 
3.13839 3.13103 3.17609 3.14023 3.12092 3.19448 3.18989 3.15218 3.17425 3.14207 3.10161 3.14207 3.17241 3.09425 3.08506 3.0869 3.16414 3.12368 3.13379 3.1669 3.08506 3.13747 3.17057 3.1108 3.19172 3.17425 3.11172 3.17609 3.13839 3.1669 3.11448 3.17609 3.17333 3.1154 3.13195 3.11172 3.15034 3.16046 3.13471 3.16782 3.18253 3.1531 3.17517 3.1669 3.11816 3.1154 3.15954 3.13655 3.11448 3.12368 
3.12545 3.13636 3.13 3.12818 3.12727 3.14 3.17364 3.09273 3.14545 3.10364 3.12182 3.12364 3.15273 3.16636 3.16636 3.11909 3.11182 3.16545 3.15273 3.12455 3.16909 3.15545 3.11818 3.14909 3.09818 3.14091 3.12 3.13 3.12364 3.12636 3.16727 3.11727 3.17182 3.16455 3.13727 3.14091 3.17455 3.15909 3.11818 3.12909 3.13273 3.13091 3.16545 3.12545 3.12182 3.16 3.12636 3.16727 3.15182 3.14727 
3.16045 3.10831 3.12 3.11461 3.17483 3.18742 3.12449 3.15685 3.16854 3.15146 3.10742 3.13798 3.1164 3.12899 3.2036 3.14427 3.1218 3.13258 3.13798 3.16494 3.13528 3.16225 3.14157 3.15506 3.14876 3.11191 3.17663 3.13169 3.10742 3.13618 3.15416 3.13618 3.11281 3.08135 3.14697 3.13798 3.13169 3.1191 3.16494 3.12899 3.15416 3.1991 3.12989 3.15506 3.14337 3.10472 3.12989 3.11371 3.14607 3.14517 
3.09156 3.13867 3.096 3.128 3.14578 3.08978 3.10933 3.136 3.11556 3.11644 3.128 3.14222 3.096 3.12267 3.14578 3.15911 3.14311 3.11289 3.16889 3.11556 3.11556 3.17422 3.12622 3.11556 3.15556 3.16978 3.17689 3.15644 3.15022 3.12356 3.14578 3.152 3.12444 3.12622 3.15467 3.09244 3.12533 3.16889 3.13867 3.13333 3.128 3.13511 3.13244 3.19644 3.09778 3.15822 3.16356 3.10756 3.15289 3.14133 
3.16132 3.12879 3.15165 3.15956 3.12527 3.12 3.16923 3.13846 3.20088 3.13582 3.1789 3.11473 3.15077 3.16835 3.16044 3.1578 3.14022 3.09363 3.14374 3.09451 3.14462 3.09978 3.12264 3.13934 3.16308 3.12088 3.08747 3.15429 3.13055 3.12967 3.1367 3.17363 3.14725 3.18242 3.12879 3.11824 3.16571 3.12264 3.14989 3.15956 3.16835 3.14813 3.14637 3.17538 3.14725 3.12264 3.18154 3.13055 3.18066 3.15868 
3.09913 3.14261 3.11565 3.10174 3.17739 3.14609 3.15652 3.16783 3.14696 3.15043 3.16696 3.13913 3.13391 3.12087 3.13217 3.10087 3.11043 3.14 3.14522 3.12435 3.16696 3.14783 3.10435 3.12783 3.15913 3.14087 3.15478 3.1087 3.15826 3.13565 3.14609 3.17478 3.16609 3.15478 3.14696 3.12783 3.1487 3.14783 3.14609 3.1113 3.12522 3.11217 3.18957 3.12 3.19739 3.15826 3.13565 3.15826 3.11043 3.09826 
3.09677 3.12602 3.14667 3.1114 3.1157 3.18194 3.11656 3.12172 3.10194 3.13892 3.16903 3.1286 3.10624 3.1329 3.16129 3.18624 3.18366 3.1372 3.13892 3.11656 3.13978 3.18538 3.14409 3.14581 3.10108 3.14237 3.16301 3.14237 3.12086 3.11226 3.14065 3.15613 3.15355 3.17075 3.15699 3.13032 3.14925 3.13032 3.14151 3.14323 3.15699 3.13462 3.15871 3.1871 3.14237 3.15011 3.12344 3.13548 3.1372 3.10968 
3.13106 3.1583 3.1583 3.12936 3.10638 3.21106 3.16681 3.12936 3.11149 3.09702 3.14809 3.10723 3.08085 3.13617 3.14894 3.11404 3.1183 3.14809 3.15745 3.13532 3.11915 3.13787 3.11319 3.12766 3.16 3.18723 3.17957 3.16085 3.14128 3.16085 3.16596 3.15745 3.17362 3.13277 3.12511 3.11319 3.10553 3.14809 3.18723 3.14553 3.15404 3.14553 3.1183 3.14298 3.14128 3.11745 3.1617 3.14468 3.12936 3.15574 
3.16379 3.13684 3.17389 3.13347 3.12337 3.13432 3.13011 3.17811 3.12421 3.15284 3.168 3.16632 3.10905 3.16463 3.10989 3.16379 3.16632 3.16295 3.15032 3.12337 3.17895 3.10821 3.13263 3.13937 3.17137 3.15621 3.10905 3.13768 3.11411 3.14021 3.13347 3.15705 3.13768 3.13263 3.16547 3.14358 3.15621 3.16211 3.09811 3.13768 3.16379 3.16295 3.12253 3.13937 3.14274 3.10989 3.14526 3.18737 3.104 3.15621 
3.16667 3.1475 3.155 3.14917 3.1275 3.135 3.13917 3.07833 3.10583 3.15583 3.11167 3.16167 3.165 3.1675 3.1375 3.12417 3.0975 3.14167 3.12667 3.16083 3.1725 3.1275 3.1375 3.12417 3.12167 3.20333 3.12333 3.14667 3.14833 3.17167 3.13833 3.15 3.16083 3.15083 3.15667 3.1475 3.1425 3.14667 3.125 3.14417 3.145 3.1275 3.105 3.13 3.125 3.11583 3.18667 3.11417 3.16333 3.13167 
3.15464 3.1167 3.10515 3.16536 3.17691 3.13732 3.13732 3.18021 3.1299 3.13567 3.1299 3.1299 3.12412 3.14474 3.16124 3.15134 3.14969 3.16619 3.12165 3.17856 3.11918 3.13732 3.20742 3.14309 3.17691 3.13485 3.16701 3.1068 3.15464 3.12907 3.1068 3.13485 3.13979 3.15464 3.11258 3.13072 3.13979 3.11423 3.13979 3.12825 3.13649 3.17608 3.14309 3.14887 3.13237 3.18186 3.1233 3.16536 3.13567 3.13485 
3.13959 3.15184 3.12653 3.15184 3.16163 3.15347 3.12327 3.15265 3.15347 3.13878 3.12898 3.1298 3.12 3.16082 3.14857 3.16327 3.12898 3.10776 3.13551 3.15102 3.12816 3.11347 3.12245 3.12898 3.17143 3.11592 3.10204 3.13388 3.12735 3.16327 3.16735 3.14531 3.16 3.17878 3.12898 3.14857 3.14041 3.16816 3.10204 3.13633 3.14612 3.13796 3.11429 3.13714 3.14531 3.17061 3.1649 3.17878 3.13306 3.13469 
3.1701 3.08606 3.16283 3.15232 3.11273 3.12808 3.12485 3.13616 3.10465 3.11596 3.14747 3.15232 3.13293 3.12242 3.15717 3.18545 3.12404 3.18626 3.1297 3.12566 3.14828 3.09333 3.13455 3.15313 3.14747 3.16202 3.16364 3.10949 3.10303 3.16768 3.16283 3.12081 3.11919 3.12323 3.16929 3.15152 3.11919 3.1596 3.17737 3.16929 3.10303 3.10869 3.1297 3.13616 3.13939 3.15798 3.13535 3.13374 3.14263 3.14263 
3.1744 3.1072 3.208 3.1352 3.144 3.1872 3.1656 3.1256 3.1296 3.1016 3.1496 3.2008 3.1624 3.1528 3.1544 3.1496 3.1464 3.136 3.156 3.132 3.1648 3.1272 3.1128 3.1432 3.092 3.2072 3.1352 3.1672 3.144 3.1696 3.144 3.1168 3.1856 3.1608 3.1368 3.1688 3.196 3.1616 3.1624 3.176 3.1504 3.156 3.1424 3.1296 3.1432 3.1856 3.1208 3.1544 3.1288 3.1376 
