2.07345 2.07345 2.07345 2.26195 1.82212 1.75929 2.13628 2.13628 2.01062 1.63363 2.26195 2.07345 2.01062 2.32478 1.75929 1.88496 2.01062 2.01062 1.69646 2.07345 1.82212 2.01062 2.32478 2.07345 1.94779 2.07345 2.13628 1.88496 1.82212 1.75929 1.94779 1.88496 1.82212 2.13628 2.26195 1.88496 1.63363 1.63363 2.01062 1.50796 2.07345 2.19911 1.75929 1.94779 1.63363 1.82212 1.69646 2.19911 1.63363 1.94779 
1.94779 2.04204 2.01062 1.79071 1.94779 2.19911 1.88496 1.88496 2.04204 1.91637 2.13628 2.04204 2.13628 1.82212 1.66504 2.35619 2.10487 2.04204 1.91637 2.13628 2.07345 1.75929 2.07345 1.85354 1.9792 1.91637 1.9792 1.9792 2.19911 1.88496 2.19911 1.94779 1.91637 2.10487 1.79071 2.07345 1.94779 2.01062 2.13628 1.94779 1.91637 1.72788 2.01062 1.88496 2.19911 1.94779 1.82212 2.10487 2.13628 1.9792 
1.96873 2.07345 1.86401 2.05251 1.96873 2.0944 1.82212 2.05251 2.15723 2.01062 1.96873 1.98968 1.86401 1.92684 2.01062 2.28289 2.03156 1.92684 2.03156 1.96873 1.9059 2.05251 1.9059 2.05251 2.15723 1.96873 1.98968 1.98968 2.11534 1.86401 2.01062 1.88496 2.03156 2.05251 2.07345 2.05251 2.05251 2.01062 2.13628 2.01062 2.05251 2.0944 2.19911 2.11534 1.86401 1.84307 2.19911 2.03156 2.01062 1.92684 
1.86925 2.04204 2.1677 1.74358 1.90066 1.94779 2.01062 2.08916 2.07345 1.9792 2.10487 1.88496 1.9635 1.75929 1.90066 1.94779 1.88496 2.07345 1.83783 2.02633 1.94779 1.93208 1.94779 2.04204 2.01062 2.07345 1.86925 1.93208 2.02633 2.10487 2.02633 2.01062 2.07345 1.85354 2.08916 2.18341 2.01062 1.9792 1.93208 1.88496 1.90066 1.94779 2.15199 1.86925 1.99491 1.94779 1.90066 2.18341 2.1677 2.10487 
1.96035 2.07345 2.08602 1.98549 1.97292 2.02319 2.04832 2.04832 1.99805 1.94779 2.04832 1.91009 2.03575 2.02319 2.03575 2.12372 1.97292 2.06088 2.06088 2.03575 2.07345 1.93522 2.01062 2.08602 2.02319 1.91009 2.02319 1.75929 2.08602 1.96035 1.89752 1.89752 1.99805 1.99805 2.03575 2.01062 2.03575 2.03575 1.99805 2.09858 2.03575 2.03575 1.85982 2.06088 1.94779 1.98549 1.89752 1.93522 2.03575 2.16142 
2.06298 1.9059 2.07345 1.88496 2.07345 1.91637 2.20959 2.04204 2.02109 2.13628 2.01062 1.93732 2.02109 2.11534 2.05251 2.11534 1.95826 2.00015 1.94779 2.06298 2.06298 1.94779 1.80118 1.94779 1.96873 2.05251 1.98968 2.13628 1.9792 1.93732 1.92684 2.10487 2.04204 1.98968 1.89543 1.96873 2.11534 1.88496 2.10487 2.01062 2.01062 1.86401 1.9792 1.88496 1.85354 2.00015 1.94779 2.241 2.00015 2.01062 
2.02857 1.96574 2.04652 2.10038 2.0555 2.06448 2.0914 1.99267 1.96574 1.85803 1.87598 1.99267 2.0196 2.06448 2.10936 1.97472 2.18116 1.88496 1.91188 1.97472 1.95676 2.04652 1.88496 1.93881 2.03755 2.02857 2.0914 1.92984 1.92984 2.04652 1.96574 1.82212 2.04652 1.99267 1.98369 1.97472 2.0196 2.0196 2.11833 2.03755 2.0196 1.91188 1.94779 1.94779 1.92984 2.0914 1.92984 1.92086 1.94779 1.92086 
2.0656 2.04204 1.97135 2.01847 1.91637 2.08131 1.99491 2.04204 2.05774 1.9792 1.84569 2.15199 2.07345 2.08131 2.01062 2.12843 2.00277 2.07345 2.12058 2.03418 1.95564 1.89281 1.93208 2.15984 1.93208 1.9792 1.95564 1.97135 1.90066 2.15984 2.07345 1.90066 2.02633 1.92423 1.88496 1.90066 1.86925 1.99491 1.94779 1.95564 2.01847 1.93208 2.02633 2.12058 2.04989 1.99491 2.18341 1.89281 1.9635 2.01062 
1.98968 1.81514 1.92684 2.06647 2.03156 1.94081 1.98269 2.06647 1.89892 1.98269 2.05251 2.02458 1.97571 2.03156 2.01062 2.04553 2.05251 1.95477 1.9059 2.02458 2.08741 2.0176 2.15723 1.89892 1.95477 1.98269 1.96873 1.93382 2.15723 1.97571 2.05949 1.94081 1.94779 2.11534 1.98968 1.83609 1.99666 1.9059 2.06647 1.9059 2.12232 1.89892 1.85005 2.01062 2.00364 2.00364 1.95477 1.98968 1.99666 1.96873 
1.91637 2.07973 2.04204 2.06088 2.02319 1.82841 1.95407 2.13 2.0169 1.99177 2.00434 2.00434 1.99177 1.91009 1.92265 2.07345 1.99177 1.99177 1.89124 2.11115 2.00434 2.03575 1.92894 2.00434 2.07345 1.97292 2.01062 2.02319 2.01062 1.97292 1.9792 1.99177 2.00434 2.08602 2.06717 2.00434 2.12372 2.08602 2.03575 1.94779 2.01062 1.91637 1.96035 1.99805 2.06088 2.03575 2.07345 1.96035 1.91637 1.92265 
1.96492 1.99348 2.13057 1.99348 1.89638 1.92494 1.91923 2.03918 2.07345 1.98206 1.97064 1.96492 1.94779 1.96492 1.9535 2.03347 1.98206 2.02776 2.03918 2.0963 2.04489 1.9078 1.98206 1.96492 2.05632 2.05632 1.84497 1.9992 2.03918 1.98777 2.07916 1.9535 2.04489 1.9535 2.06774 1.95921 1.98206 1.94208 2.06774 1.95921 2.02204 2.0506 1.93636 2.03347 2.01062 2.16484 2.01633 2.00491 1.9992 1.95921 
2.02633 2.00538 1.96873 2.05251 1.92161 2.00015 1.97397 1.9792 2.01586 1.89543 1.98444 1.93208 1.90066 1.8483 2.03156 2.04727 1.93208 2.13628 2.04204 1.94255 1.94779 2.0368 2.10487 2.00015 2.04204 1.87972 1.9792 2.05251 1.92161 2.01062 2.0368 1.85878 1.96873 1.86925 1.99491 2.05774 2.02109 2.04204 1.95302 1.9635 2.00015 2.04204 2.00015 1.89019 2.12581 1.93732 1.93208 2.00015 2.00015 2.01586 
1.92845 1.97679 1.94295 1.98162 1.95745 2.00095 1.92362 2.09762 2.03479 2.05412 1.93329 2.03962 1.98645 1.96229 2.07828 1.90429 1.93329 2.11695 2.01545 2.00095 2.02995 2.01062 2.02512 2.05895 2.07345 1.86079 2.02029 2.05895 1.92845 2.08795 2.02512 1.99612 1.99129 2.01545 1.93329 1.98162 1.90429 2.03962 2.03479 1.97679 2.02995 1.92845 2.03479 2.00095 2.04929 2.04929 1.99612 2.04929 1.94779 1.97195 
2.0555 1.99267 1.91637 1.93881 2.12731 1.86252 1.97023 2.08243 1.99267 1.82212 2.06896 2.02408 1.92086 1.98818 2.02857 2.08243 1.95228 1.89842 1.98818 2.04652 1.98818 2.03755 2.07345 1.95676 2.06448 1.95676 2.00613 1.96574 1.97023 2.0555 2.01062 2.06896 2.02408 1.99716 1.97023 2.0914 2.03755 1.99267 2.04652 2.0196 1.9433 1.98369 2.01511 2.00164 1.9792 1.96574 2.01511 1.95676 1.98818 1.92535 
2.03994 1.94779 1.93103 2.03994 1.98968 1.92684 2.03156 2.02319 2.03156 1.98549 1.9813 1.98549 2.01062 1.87658 2.06088 1.96035 1.91009 1.95198 1.92684 2.03994 2.03575 1.98968 2.00224 1.96035 1.9436 1.91009 1.98549 1.95198 1.9813 1.97711 1.9436 2.0567 1.95617 2.01481 1.97711 2.02319 1.92684 1.91009 1.91428 2.09021 1.96454 1.91847 1.91847 1.9436 2.01062 1.96873 2.03994 2.11953 2.00643 2.12791 
1.93601 1.94779 1.97528 1.91244 1.99098 1.85354 1.90066 2.00277 1.90459 2.04989 2.04596 1.99884 1.95564 2.01455 1.99884 2.00669 1.98313 1.97528 1.90852 1.95171 1.92423 2.01062 1.90459 2.00669 2.0224 1.99491 1.93993 1.93601 1.97528 2.00277 2.04204 1.97135 1.96742 2.07345 2.0224 1.95564 2.00277 1.9792 1.99884 2.04204 2.10879 1.90066 1.95564 1.9203 1.95957 2.05382 1.93208 1.89281 1.99884 2.06952 
2.03649 2.03649 1.99214 2.01062 1.96996 2.01432 1.95148 2.04019 1.99214 1.99214 2.04388 1.99584 1.97366 1.99953 2.01432 1.94779 2.08454 1.96627 2.01432 1.95888 1.95148 2.0328 2.03649 2.00692 2.06236 1.94409 2.06236 1.98844 2.01062 1.94409 1.98844 2.07345 2.0254 1.97366 2.11041 1.96257 1.97366 2.0254 1.99953 1.96627 2.0291 1.91822 1.97736 2.0328 1.94779 2.04388 2.00692 2.14367 1.91083 2.08824 
2.03156 1.98618 2.00713 1.9443 2.03156 2.01411 1.96873 1.99317 2.06647 2.01062 2.00015 2.04553 2.00713 1.97571 2.08043 1.89194 2.03156 2.08741 2.00364 1.95477 2.04204 1.96873 2.00015 1.90939 1.95826 2.03156 1.96524 2.00364 1.96524 2.04902 1.9059 2.03505 1.95128 1.92684 1.96873 1.98269 1.97571 1.99317 2.00713 1.98269 2.10836 1.91986 2.03854 1.99666 1.97222 2.0176 2.04553 1.98269 2.06996 1.96873 
2.04369 1.91802 2.0007 1.91802 1.96102 1.9544 2.03707 1.97424 1.94779 2.03046 2.04369 1.96102 2.03707 2.02715 2.04038 1.92133 2.047 1.98416 2.02385 2.00731 1.97094 1.98747 1.98416 1.98086 2.0503 1.94117 1.97424 2.07345 1.92133 1.98747 2.09329 1.96432 1.92795 1.97424 2.0503 1.91802 1.98086 2.047 2.01393 2.02054 2.05692 2.04038 1.97424 1.98086 2.00731 2.01723 2.03377 2.08007 1.97094 2.06353 
1.98549 1.97292 1.91637 1.98863 1.92894 1.95407 1.99491 2.04832 1.97606 2.02947 1.91637 2.02633 1.96035 2.03889 1.99177 1.88181 1.94465 2.03575 2.0169 2.03261 1.94465 1.99177 2.02947 1.98549 2.06403 1.99805 1.99177 2.09858 1.97292 1.90381 2.04204 1.95407 1.93208 1.98863 2.01376 1.95093 2.02004 1.89124 1.96978 1.96035 2.0169 2.03575 2.00434 1.97292 2.00119 1.9635 2.03889 2.06403 2.10487 1.93522 
1.89692 1.96873 1.92984 1.96873 1.93283 1.98968 2.00763 2.02558 2.02259 1.9807 2.0555 1.95377 2.04054 1.99865 1.97472 1.97771 1.93881 2.05251 1.94779 1.99865 2.06448 2.03755 2.0944 2.04952 1.95976 2.01361 2.03156 2.04054 2.00164 2.07046 1.98369 1.9418 1.94779 2.06747 2.04054 1.95377 1.98668 2.04054 2.00763 1.93881 1.96873 2.00763 1.98968 2.03456 2.04054 2.03755 1.91787 2.10936 2.00164 2.01361 
2.03918 1.95921 2.02204 2.02204 2.02776 1.91637 1.97635 1.99063 1.96492 1.98492 2.06774 2.00491 2.01348 1.9792 2.03061 1.94493 1.93065 2.04204 2.03632 2.03918 2.03061 1.96492 2.04489 1.99634 2.01062 1.97064 2.00205 1.9535 2.01633 1.93065 2.01919 2.05632 1.98777 2.01348 1.96207 2.03347 2.03918 2.01919 2.01348 2.01633 2.05632 1.93922 1.98206 1.94493 2.0706 1.95921 1.97064 1.9792 2.01062 1.92494 
2.01881 1.94779 2.05979 2.02701 2.02701 1.95598 2.03521 2.01881 2.00242 2.1035 1.94779 1.98603 2.00516 2.03521 1.9833 1.99423 2.06252 2.01062 1.95325 1.96691 2.05433 1.98057 1.95598 1.94232 2.02428 1.96145 1.96691 2.04886 1.92047 1.99696 1.94506 2.02974 2.02428 2.0434 2.02428 1.96964 2.02974 2.03521 1.94506 1.9314 2.02974 1.99423 1.92593 1.98603 1.98057 1.95871 1.9314 1.9833 2.02428 1.99969 
2.008 2.0368 2.01847 1.98706 2.06822 2.03156 1.95564 1.94517 1.98182 2.05251 2.03942 2.03418 1.94779 1.93732 2.01586 1.95826 2.01586 2.00015 1.98706 1.9635 1.96611 2.00538 2.08916 2.07869 2.11272 2.13105 2.03942 2.01586 1.98706 1.94517 2.04204 1.92423 2.01847 1.96088 1.9635 1.98444 2.02895 1.98444 2.00538 1.9792 2.00015 2.02895 2.01062 2.02633 1.98182 1.95041 2.07345 1.97397 1.97659 2.02895 
2.00057 2.04832 2.04832 2.00559 1.98046 1.98297 1.97292 2.00559 2.08602 2.00057 2.00057 2.02821 1.96035 2.08853 1.96538 1.988 2.05837 2.0257 2.0634 2.03575 1.988 1.97543 2.07596 2.00811 1.99554 2.06591 1.90506 2.04581 1.97795 2.03827 1.99303 2.01062 1.97041 2.0835 2.03073 1.96538 1.9503 1.98046 2.06591 1.99051 2.04581 2.04581 1.99051 2.02821 1.99051 1.97795 1.99805 2.01816 1.99805 2.04329 
2.03237 1.9937 2.03237 1.98162 2.06862 2.02029 2.01545 1.98645 2.02754 1.94779 1.99854 2.0082 1.97195 1.99612 2.00095 2.07103 1.95504 2.00579 1.94779 1.98645 1.9792 1.94054 2.01545 2.02754 2.04929 2.0082 2.02029 2.02995 2.06137 1.99854 2.0227 2.00095 1.93087 1.94054 2.02754 2.0082 1.95745 2.01545 2.04204 2.0082 2.01545 2.01304 1.95504 2.07828 1.9792 1.98887 1.98887 1.95745 2.05653 2.02029 
2.03389 1.97804 1.92452 1.97339 1.9315 1.97106 2.03389 1.96408 2.00364 2.0176 2.01062 1.94779 1.97106 2.0688 1.98502 2.00364 1.95244 1.99433 2.01295 2.03156 1.94779 2.04087 2.00131 2.03854 2.03854 2.00829 1.98037 2.04785 2.03156 1.99433 1.95244 1.91055 1.96873 1.93382 1.98735 1.93848 2.00364 1.98037 2.08509 1.98037 1.96408 2.0944 2.02924 2.06414 2.02225 2.08741 2.00829 2.0176 1.99433 1.98735 
1.96798 1.95228 1.98369 2.0353 1.99491 1.97696 2.12058 2.00389 1.92535 2.04204 1.9792 1.96798 1.98145 1.99042 1.99267 2.03306 2.01286 2.04204 2.03082 1.98594 1.9994 1.98369 1.97472 1.99267 2.02408 1.99491 2.03979 2.02184 1.97023 1.97247 1.96798 1.99716 2.01735 1.99716 2.01286 1.9792 2.01286 2.0353 1.95901 2.06223 1.97696 2.03755 2.00838 2.01286 2.03979 1.98818 1.98594 2.00838 1.99716 2.00164 
1.99545 2.05828 2.03445 2.03012 2.01279 2.05395 1.97595 1.99979 2.03879 1.99762 1.99979 2.01495 2.01279 1.99329 1.95862 1.97379 2.02579 1.98462 2.03879 2.01062 1.96512 2.02579 1.96945 1.98679 2.01062 1.96295 1.95429 2.03229 1.97162 1.96079 2.03229 2.05178 1.98679 1.93912 2.00195 2.01495 2.02145 1.96945 2.03445 1.99329 2.02795 2.03879 2.03012 2.04962 1.99979 1.93045 1.95645 2.01712 2.02579 1.94995 
2.02319 2.019 1.9792 1.9792 1.97292 1.98549 1.96454 1.99386 2.019 1.97501 1.98549 2.05879 1.93522 2.04204 1.92475 2.03366 1.98968 2.08392 1.96454 1.98758 2.03366 1.90171 1.97083 2.0546 1.95407 2.02737 2.02319 1.98339 1.97711 2.00643 1.96035 1.99177 1.98549 2.02528 1.94988 2.0169 2.08602 2.06717 2.02109 2.05041 1.9415 2.06298 2.02109 2.02109 1.89333 1.95407 1.9813 2.00643 2.019 1.94779 
2.00251 2.04305 2.02683 2.05318 1.95995 2.02278 2.03494 2.0167 2.02278 1.99238 1.97819 2.04508 2.01873 2.01873 1.99643 1.98224 1.91941 2.0471 1.94981 1.98832 2.0167 2.07345 2.03899 2.00859 1.9336 1.98022 2.02886 2.06534 1.9863 2.01265 2.02683 1.9863 2.03697 1.91536 1.9863 1.94576 2.01873 1.94373 1.94373 2.01873 2.03089 1.9863 2.00859 2.05116 2.07142 2.00049 1.93157 1.97008 2.0167 1.9863 
2.0008 2.04204 1.98706 2.03025 1.99687 1.93797 2.00277 1.99491 1.99491 1.94779 1.99687 2.05185 1.98509 1.97724 2.044 1.95368 2.03614 2.05774 2.0224 2.044 1.93797 1.9635 2.044 1.93797 2.03614 1.99687 2.03025 2.01651 1.93797 2.01847 1.99491 2.01258 1.94386 2.06952 1.92423 2.01847 2.01258 2.02829 2.01258 1.9635 2.00669 2.00473 1.9792 1.97528 2.03811 1.99098 2.00866 2.02829 1.98313 2.02829 
2.03728 2.01443 2.02776 2.01633 1.98587 1.99729 1.97825 2.03918 1.94017 1.99729 1.96492 2.02966 2.02966 2.003 2.01443 1.99729 1.9516 1.98206 2.07536 1.91161 1.97635 1.9078 2.003 1.98777 2.01824 2.05441 2.03537 1.93256 1.98587 2.02395 2.003 1.99158 1.99348 1.9535 1.94398 2.04108 1.9535 2.01062 1.97635 2.02014 1.99729 1.98777 2.02966 1.9535 2.0011 2.00872 1.94208 1.93065 1.97254 1.97064 
2.02725 2.02356 1.96996 1.96996 1.92746 1.96996 2.00138 1.94224 2.01986 1.99399 2.00877 1.93485 2.00138 1.98475 1.97551 1.96072 1.98844 1.96072 1.933 2.01801 1.93855 1.9866 1.97366 1.97366 1.98105 1.96442 2.01616 1.99953 2.06976 1.98105 1.96627 1.9404 1.95888 1.98105 2.01616 2.03834 1.97736 2.0254 2.06791 2.02171 1.99029 2.01616 2.0328 1.97551 1.95703 2.00877 1.99584 1.98844 2.08454 1.98105 
2.0196 1.96394 2.04652 2.01421 2.0178 2.00523 1.97112 1.98908 2.04114 1.9801 2.06807 1.99267 1.91547 1.9424 1.97292 1.98728 1.99805 1.96215 2.04293 2.02319 1.99805 2.0196 2.01421 2.03216 2.01062 1.97112 1.96035 2.03755 2.02139 1.97292 1.99805 1.93702 2.00523 2.07166 1.93163 2.07166 2.00882 1.9819 2.00344 2.0196 2.02678 2.02678 1.94958 1.95676 2.02857 2.03396 2.00703 1.94599 2.00164 1.99805 
1.98095 2.07869 2.01935 1.97222 1.9792 2.04378 1.9443 2.0176 2.00364 2.0368 1.9984 2.01236 1.98618 2.01411 1.99142 1.99666 2.03156 1.97397 1.97571 1.96873 1.94953 2.01411 1.93033 1.97222 1.96175 1.99142 1.9635 1.95826 1.94604 2.05774 1.94081 1.93382 1.98968 2.10836 2.00538 1.97222 2.00364 2.07171 1.98095 2.00538 1.97222 1.93557 2.00538 2.02109 1.97222 2.02807 2.00189 2.01236 1.96524 2.01236 
1.99703 1.95458 2.03439 2.03609 2.0242 2.09043 1.97326 2.00043 2.0259 1.94269 2.07005 1.98515 1.98005 2.00552 1.97326 1.97835 2.01571 2.01571 2.04288 1.97156 2.04968 2.00892 1.95967 2.01232 2.01571 2.03779 1.96307 2.01232 2.00383 1.98854 2.00722 2.01571 1.95628 2.04628 1.95798 2.01402 2.00552 2.07005 1.97496 1.98854 1.96307 2.00722 2.0259 2.0276 1.99024 1.98515 1.98175 2.031 1.99873 1.98854 
1.95605 1.99078 2.0007 2.07014 1.91637 1.99408 1.96598 1.94613 1.9759 1.94283 1.98582 1.95771 2.02715 1.95771 1.98086 2.01889 1.98416 2.04865 2.02881 1.9759 1.96432 1.99905 1.98912 1.97094 2.07676 1.98747 2.03211 1.94779 1.93621 2.00731 2.03211 1.96928 1.99905 1.97259 1.98747 2.03707 2.01227 2.04865 2.03873 1.97424 1.94944 1.98416 1.97094 1.94613 2.05196 1.98251 2.00731 2.05857 1.98912 2.00235 
2.04445 1.93168 2.01384 2.01062 2.00418 1.92684 1.97679 2.04123 2.02512 1.9639 1.98162 2.0219 1.94134 2.06862 1.93168 1.97195 1.96068 1.99773 2.05251 2.03317 1.98968 1.98806 2.02995 1.9494 1.99129 1.94295 1.98645 1.9929 2.00901 1.98001 1.9784 2.04284 2.03479 1.98001 1.9784 2.04123 1.9639 1.95101 2.0509 2.02512 1.98484 2.01867 1.98162 1.98001 1.96873 1.96712 1.92201 2.01706 2.04123 2.04767 
2.00748 2.01533 1.93679 1.99334 1.99491 2.00434 1.94936 1.93679 2.01062 2.00119 1.99805 1.93836 2.01062 1.99805 2.04361 1.97135 1.98234 2.03889 2.01219 2.01847 2.06088 1.98863 1.9635 1.99648 2.01533 2.04204 1.99962 1.99805 2.04046 2.0279 2.02633 1.97135 2.02476 1.98706 2.02004 2.03575 1.94465 1.99177 2.04989 2.0279 1.9635 2.02004 2.03732 2.08288 2.07188 1.95093 1.97606 2.06246 2.00119 1.99648 
2.03207 1.95085 1.98763 1.95238 1.99836 1.9907 1.9294 2.01981 2.00449 2.04587 2.04127 1.9907 2.00755 1.99223 1.9769 2.01522 1.97384 2.01368 1.98916 1.98303 2.00909 2.0428 1.98457 1.98763 2.05506 2.03361 2.01368 2.02901 2.03514 1.99989 1.9907 1.96005 1.9294 2.00755 1.95545 2.03514 2.04127 2.08265 1.96771 2.07345 1.97384 2.00296 2.02748 2.04893 2.052 2.03974 2.00142 1.99223 1.99376 1.99989 
1.99416 2.05849 2.04054 2.05101 2.02708 1.99416 2.00464 1.98968 2.03755 1.95377 1.9792 2.00613 1.94629 1.98369 1.97172 2.03904 2.03904 2.00314 2.02857 2.01511 2.03904 1.9807 2.02558 2.0196 2.05849 1.96275 2.04952 2.054 1.95976 2.02408 1.95976 2.02558 2.03156 2.00912 2.0181 2.00613 1.93881 2.00314 2.01511 1.96873 1.99865 1.99566 1.97322 1.99566 1.98369 1.98818 2.0181 2.01212 2.00164 1.95676 
1.99601 1.96386 2.02815 2.02961 1.98578 2.02815 2.01793 1.98286 1.9624 2.0077 1.98286 2.03546 2.00916 2.02231 1.95217 2.02377 2.00331 2.01793 2.03838 1.95217 2.01646 2.03984 1.97993 1.95655 1.97993 1.9887 1.96532 1.94633 2.01646 1.97701 2.0077 2.00624 2.02669 2.04423 2.01354 2.05153 1.99893 1.95363 2.01062 2.00185 2.02961 1.98724 2.02231 2.01793 2.00331 1.95802 2.07637 1.97409 2.00624 2.01062 
1.99777 2.00776 1.98492 2.06631 1.9635 1.96207 2.01205 1.9792 2.01919 1.99491 2.03918 2.0349 1.99348 1.97206 2.0149 2.09059 1.9635 1.98492 2.01348 2.00348 2.04204 1.95921 1.93779 2.01919 2.03204 2.02062 2.04632 1.98349 2.02633 2.06203 2.0149 1.9892 1.98777 1.98206 2.07202 1.98063 1.97635 2.01776 1.98492 1.95778 1.95064 1.99063 1.93779 2.04204 1.94208 1.99348 2.02918 2.0606 2.00776 2.0349 
1.95617 2.03854 2.01481 1.98409 2.05111 1.91707 2.00643 2.02598 2.0176 2.02039 2.00085 2.0539 1.99247 1.98409 2.03296 1.94639 1.96035 2.02877 1.98409 2.03296 2.00085 1.99945 2.03436 2.00503 1.98409 1.98968 1.97292 2.0162 1.98688 2.00364 2.02877 2.0162 2.00503 2.019 2.03715 1.98968 1.98409 1.97851 2.019 1.99107 2.06926 2.06507 1.99107 2.03994 2.02737 1.9813 1.97711 2.02039 2.02598 1.96175 
1.98876 1.99833 1.97237 2.00652 1.98876 2.01335 2.01199 2.02838 1.99559 2.0475 2.02701 1.94642 1.9915 2.01608 1.99013 2.02155 1.99696 1.9833 1.94915 1.9915 2.00516 1.98603 1.9314 1.97374 1.93413 1.96828 2.04204 2.02428 1.94232 2.02564 1.96828 1.99013 1.97784 1.9232 2.03521 1.99013 2.00789 2.02838 1.97511 2.02018 1.9915 2.01062 1.9833 1.95735 1.95871 2.00789 1.96964 2.02291 2.01062 1.9915 
2.00394 2.00126 1.99057 1.98656 1.94912 2.03736 1.96116 2.01062 1.9411 1.95715 1.98121 1.9772 2.01329 1.95715 1.97452 1.9772 1.98121 1.99324 1.94645 1.94779 1.97319 1.93576 2.00126 2.01864 1.99725 2.01062 2.01864 1.97185 1.99725 2.05607 2.00795 2.00527 2.02532 1.94912 2.05875 1.93977 2.02265 2.04003 1.97185 1.99992 2.02934 1.99057 2.01463 1.96116 1.9518 2.00394 2.03067 1.98923 1.9518 1.97051 
1.98313 2.02371 1.99622 2.03025 2.02371 1.9648 1.99753 1.9635 1.9648 2.00407 2.00538 2.04596 1.95564 2.05905 2.03549 1.98575 1.95041 1.94648 1.9792 1.99491 1.94386 1.95826 2.03287 2.01847 2.05905 2.00146 2.03156 2.00538 1.97789 2.06167 2.0512 2.01978 1.97789 1.98837 1.97266 2.06952 1.96219 1.99229 1.99884 1.98182 2.01586 2.03156 1.98968 1.99098 1.9792 2.03156 1.98968 1.93993 1.98968 2.01847 
2.05293 1.94266 2.0337 1.98369 2.00293 2.00036 2.02344 2.03114 1.98626 2.02216 1.96702 1.97728 2.02216 1.99267 1.98754 1.97728 2.06448 1.96189 1.96189 1.94522 1.94138 1.99267 1.97728 2.04909 1.99139 2.02472 2.02472 2.01703 2.04396 2.0196 1.95292 1.96574 1.98754 2.05935 2.05165 1.9683 1.9978 1.96959 2.00421 1.99908 2.06448 1.9683 2.00549 1.98497 1.9978 1.96317 1.97343 2.02729 2.06063 2.05935 
2.00685 2.02067 1.98926 2.00057 2.0257 1.96915 2.02193 2.0169 1.97795 2.00936 2.01188 1.97543 2.00057 2.01062 1.9968 2.02193 2.00811 1.96287 1.97292 1.98674 1.99428 1.99554 1.97041 1.94653 1.98297 1.98423 2.0345 1.98297 1.98172 1.98926 2.00811 2.05083 1.99805 1.91511 2.00559 1.99177 2.03073 2.02696 1.95281 2.00057 2.0257 1.96161 1.988 2.00308 1.94527 2.06088 2.01062 1.98297 1.99805 1.99931 
1.98105 1.99337 2.01924 1.99953 2.06236 1.97243 1.95148 2.04142 2.01801 2.02294 2.04635 2.02294 2.01432 2.02787 1.98721 2.01185 2.04881 1.97489 1.95395 2.03526 2.00323 2.00076 2.00076 2.00816 2.002 1.9712 2.002 2.02787 2.05128 1.99707 1.98844 1.94532 1.98475 2.01555 2.00323 2.01185 1.96627 1.97859 1.97859 1.97859 1.97612 2.0907 2.01801 2.05004 2.04388 2.07099 2.01678 1.99953 1.97489 2.03033 
2.00095 1.98887 2.03599 1.99008 2.03962 1.98645 1.94779 2.00579 1.99854 1.96108 1.98404 2.00579 1.95866 2.04083 1.93087 1.94416 2.03358 1.99129 1.98887 1.98283 1.99733 1.99491 1.98404 1.97316 2.03841 1.99491 1.99612 2.0227 2.01545 1.98283 1.98887 2.01908 2.04204 2.00216 2.02029 1.9937 2.03358 1.96712 2.01424 1.98041 1.95745 1.98283 1.97437 2.00337 1.98766 1.99491 2.07466 1.9792 1.95262 2.01908 
2.00588 2.00588 2.01892 1.95371 1.99521 1.99876 1.98691 1.96201 2.0201 2.00351 1.99047 2.01655 2.01536 2.07582 2.02129 1.98691 1.97861 1.98098 2.00469 1.9632 1.98691 2.02485 2.03907 2.01062 2.00706 1.99284 2.00351 2.00588 1.97861 1.93238 1.99639 1.91815 2.04381 1.99165 1.97861 1.99995 2.0284 1.93 1.98809 2.00825 1.99876 1.97624 1.9798 1.99402 1.96083 1.99876 1.98454 1.98098 1.99876 1.98572 
1.93033 1.992 2.03854 1.97455 2.02225 2.04553 1.992 1.99782 1.98618 2.00015 1.9664 1.98502 1.96757 1.95128 1.95011 2.04087 1.99549 2.01527 2.00015 2.01062 2.03854 2.00597 1.98618 1.99898 1.992 1.99084 1.98968 2.02691 2.01993 1.98851 1.99549 2.02109 2.00131 2.0304 1.98386 1.97106 1.93499 1.9664 2.00015 2.01411 1.99084 2.01411 1.9443 2.02342 1.97455 2.05832 1.98386 1.98618 1.97106 2.01062 
2.02433 1.99463 1.97406 1.98206 2.00491 2.03689 1.9912 1.99234 1.96607 1.97977 1.99805 1.99006 1.98434 2.00491 2.03232 1.98663 2.01633 1.95693 1.97977 1.95921 2.03804 2.00491 2.00034 2.02433 2.04489 1.99234 2.01976 2.00719 2.01862 2.01976 2.00719 2.02319 1.97406 2.01862 1.99691 1.9832 1.98206 2.00719 2.0289 2.05974 2.02433 2.04146 1.98092 2.00034 1.99577 2.01976 1.94322 1.96378 1.93865 1.9752 
2.03755 2.00838 2.0196 2.0555 2.00725 2.04091 2.04765 2.01511 2.02184 1.99155 1.95789 1.98481 1.98706 1.93432 2.02857 1.9792 1.98481 1.96125 1.9893 2.0196 2.00052 1.99491 2.03867 1.95676 2.04989 1.98033 1.98257 2.02184 1.97472 2.0095 1.97584 2.02633 2.00613 2.00725 1.96911 2.04989 2.01062 2.02184 2.02969 2.02745 2.02633 1.9792 2.03867 2.01735 2.03755 2.02184 2.00838 2.00277 2.01623 1.99379 
2.00511 2.01944 2.02605 2.02164 2.02274 2.01282 1.9996 1.97645 2.00731 2.04479 2.03818 1.96763 1.99408 1.98527 1.95881 2.0007 1.9555 1.99849 2.01062 1.97094 1.9996 2.00952 1.98857 1.97094 2.0029 2.01834 1.98747 1.98747 2.0018 1.98306 2.03487 2.00841 1.9533 2.06904 2.02826 2.00511 2.01172 1.96322 2.03156 2.01062 2.02385 2.05361 1.99298 1.96542 1.97204 2.02385 1.99519 1.97535 1.99298 1.97424 
2.01279 2.04204 1.98137 1.95429 1.99545 2.01929 1.98245 2.01062 2.02904 1.95754 2.01929 1.99004 2.0182 2.02795 1.9662 2.01929 1.99329 1.98245 2.01929 1.97704 2.0182 1.98462 1.97379 1.9857 2.02037 1.98354 2.01279 2.01604 2.04204 2.00304 1.9922 2.02145 1.9922 1.9532 2.03445 2.00845 2.00412 1.99654 2.00954 2.00304 1.99112 2.0247 1.9662 1.97595 1.99004 1.96945 1.95862 2.01604 1.96404 1.99979 
2.01594 1.94779 1.96376 2.00529 1.97867 1.96483 1.97441 2.03511 1.95844 2.02872 1.99677 2.0415 2.03405 2.02233 2.01275 2.00742 2.02979 1.98506 2.03937 1.99358 2.00103 2.0021 1.97335 1.99039 2.00423 1.93394 1.96483 2.02766 1.9595 2.01168 1.984 2.0202 2.04363 2.03192 1.9414 1.99997 1.99358 1.99677 1.94992 2.01594 2.00423 2.00849 1.96696 1.95098 2.00423 2.02446 2.01914 2.03085 2.02127 1.97335 
1.98758 2.01271 1.95931 2.01271 1.97292 1.97816 1.96559 2.01271 1.96978 2.04727 1.96664 2.00119 2.01062 2.02633 1.97397 2.02109 2.00957 1.98968 1.98863 2.03785 2.01271 1.96245 2.02109 2.01795 2.0169 1.96873 1.98025 1.96245 1.98444 2.00119 2.03052 1.97397 2.00643 1.98339 1.9991 2.05355 1.96454 1.95721 2.00224 2.01167 2.00643 1.99805 1.98549 2.02528 2.01167 1.9991 1.96035 1.96768 2.00748 2.02842 
2.04976 1.97354 1.97148 2.0065 1.92307 1.98899 1.94779 2.03328 1.97972 1.99002 1.98899 1.98693 1.95706 2.03946 1.97972 2.00032 2.058 2.04564 2.02813 1.96427 1.98693 1.9962 2.0065 2.01371 2.00238 1.94882 2.00547 1.99311 2.01577 1.97045 2.02504 1.99311 1.98075 2.01371 2.00753 1.98384 1.93852 2.01474 1.96736 1.96942 2.02092 2.00856 1.99826 1.97972 2.00238 1.94779 2.03431 1.99929 2.01577 1.99929 
2.03089 2.01873 2.04508 1.99744 2.02582 2.01265 2.04102 1.98326 1.95184 1.99947 1.96299 1.96704 1.97211 2.00251 1.9863 1.95184 1.98427 1.99542 1.98326 1.94981 1.98022 1.98022 2.0471 1.97008 1.98022 1.98934 1.96198 1.98427 1.97718 2.02886 2.01265 2.00555 1.9711 2.00859 1.9944 2.03089 1.95792 2.00758 1.98934 1.99035 2.03595 2.02886 2.02278 2.00859 2.01265 2.00353 2.02177 1.99643 2.01771 2.00251 
1.93881 2.03057 1.99267 1.98768 1.99666 1.98369 2.02558 2.01461 2.01561 1.98269 2.0196 1.99067 2.04253 1.96773 2.02159 1.98269 1.98369 2.03854 1.98868 1.96873 2.04253 2.03954 2.04054 1.98868 1.96873 2.0186 1.95377 2.00563 2.02658 1.97073 1.96175 2.01561 1.99765 2.00862 2.02259 2.00763 2.01162 2.03057 2.00563 2.04353 2.05849 2.02558 2.00164 1.98569 2.02358 2.02059 2.04952 1.98968 1.96973 2.03356 
2.00767 2.02927 1.99491 2.03418 2.02633 2.04596 1.99687 2.00767 1.98902 2.01847 2.01455 2.01946 1.97233 2.00767 2.00473 1.97135 1.98706 1.99295 1.99687 2.0332 1.97724 1.97626 1.99687 2.00767 2.02338 2.00964 2.06167 2.00964 2.01946 1.98608 1.97135 2.00277 1.98804 1.96939 1.97626 1.98706 2.00178 1.99098 2.02436 2.04694 2.00473 1.99295 1.99982 2.00767 2.04302 1.96939 2.01749 2.04007 1.99491 1.98313 
2.01062 1.97485 1.97099 2.01352 1.94392 2.03672 2.02319 2.01739 2.01255 1.99515 1.99419 2.01932 1.97099 1.99322 1.97872 1.99999 1.99032 2.00289 2.00095 1.98355 2.01545 2.00675 1.98839 1.98259 1.99902 2.01449 1.99129 1.95939 1.99805 1.99999 1.99419 1.98935 2.00192 2.01835 1.97679 2.00385 1.99515 1.99805 1.99225 2.03285 2.04155 1.99225 1.97775 2.00095 1.99225 2.01642 2.04059 1.99612 2.02899 2.01835 
2.00205 2.01728 1.9792 2.02395 1.99539 2.00396 1.97825 2.01538 2.01633 1.96873 1.94208 1.97444 2.0268 1.98396 2.01443 1.94684 1.97635 1.99729 2.01157 2.04775 1.98301 1.99348 2.03537 2.03156 1.9773 2.03537 1.9297 2.03156 2.00586 2.03918 1.99539 2.00015 2.02014 1.99634 1.97825 2.03728 2.0011 2.03537 2.003 2.00872 1.99158 2.003 1.97444 1.98396 1.96588 1.96302 2.02204 1.99444 1.98968 2.03632 
2.02 2.02 1.99843 2.00593 2.04157 1.98999 2.0275 1.98905 1.99749 2.00499 2.01906 2.01906 2.02 1.94216 2.01906 1.98717 1.98624 2.05376 2.02656 2.05563 2.03594 1.98811 2.02562 2.00405 2.01343 1.95904 2.05751 1.96748 1.98342 1.97405 2.03313 2.01906 1.98811 1.9853 1.98249 1.98999 1.98811 1.97686 2.01437 1.99374 1.96279 2.01812 1.97405 2.04438 2.00499 2.04532 2.00968 1.99374 2.00874 2.01812 
1.94132 1.99676 2.0291 2.00138 1.99676 1.9561 2.00415 1.97643 2.02633 1.96812 2.00785 1.98382 1.97736 1.9866 1.99861 1.97736 2.03095 1.98752 2.02078 2.01524 1.97089 2.03557 2.00508 2.00877 1.9136 1.98105 1.99306 2.01432 1.98937 2.04204 2.02171 2.00323 2.01986 1.97181 2.01801 1.9866 2.01894 1.99029 1.98105 1.9635 2.00138 1.9561 1.99399 2.00138 2.05682 1.98105 2.02263 2.04943 1.99306 2.00508 
2.0088 2.01062 2.0261 1.9833 1.97875 1.97693 1.99696 2.0006 2.00698 1.97602 1.97055 2.02064 1.97784 2.02428 2.00516 2.02519 1.99514 1.95689 2.02428 1.9915 1.99059 2.0088 1.99332 2.04613 1.98968 2.01426 2.02337 1.98057 1.98785 1.94141 1.99059 1.99423 2.02519 2.0088 2.01426 2.02701 1.99241 2.00607 2.03521 1.9915 1.97511 2.0261 1.99969 2.00698 2.01608 1.96509 2.02064 2.00425 2.03885 2.02246 
2.01421 2.02229 2.00344 1.95317 2.03396 2.02319 1.99895 2.02319 2.01062 1.96484 2.02678 2.00793 2.01062 1.97382 2.00075 2.00075 1.95676 1.97472 2.02498 2.0196 2.00254 2.00523 1.98279 2.00972 2.04383 1.981 1.94689 1.99267 1.99536 2.02947 2.03037 1.99177 2.00164 2.01241 2.00793 2.00434 2.04024 1.94779 1.95856 1.96035 1.99087 2.01062 2.02767 1.96664 2.02049 2.03485 2.00613 1.98997 1.99536 1.98279 
1.96991 2.01504 1.93805 1.97699 2.04071 2.00442 2.01504 1.95752 1.98496 2.06637 2.00796 2.01593 1.95929 2.02743 2.0177 2.01681 1.97168 2.05929 2.00177 2.00354 2.00265 1.98584 2.00708 1.98938 2.01593 2.00354 2.01062 2.01858 1.9885 1.97965 1.96991 2.00973 2 2.01947 1.9708 1.97611 1.99027 1.96814 1.99646 2.04071 2.02212 2.00708 1.99204 1.94071 1.95221 1.99911 1.98142 2.0531 1.99911 1.9708 
1.9539 1.97309 2.01498 2.02196 2.00277 2.02196 2.00189 2.01411 1.98008 2.01324 2.008 2.08392 2.01847 1.97309 1.98182 1.97659 1.98968 1.99927 1.97659 1.9888 1.98182 1.96873 2.02109 1.98618 2.00713 1.98531 1.97833 2.01062 1.98095 2.03244 2.008 1.99404 2.04204 1.97571 1.98531 1.99491 1.99229 1.99229 1.9984 2.03331 2.00451 1.98531 1.99055 2.01062 2.00015 2.03418 2.00015 2.00538 2.04727 2.00713 
1.95812 1.965 2.00632 1.98738 2.01406 2.01837 1.97189 1.99599 2.04763 2.01492 1.96758 2.04074 1.99254 1.99341 1.96931 2.00632 1.99082 1.9848 2.02955 1.97275 1.97189 1.93229 1.92541 2.00718 2.0089 1.98996 2.00632 2.02869 1.97361 1.98394 2.01837 2.033 2.00546 2.0373 2.05279 2.01148 2.00718 2.02181 1.9891 2.02009 1.97533 1.95726 1.99513 1.965 1.95295 2.00718 2.00373 2.03472 2.03644 2.02267 
1.99024 2.01656 2.00807 2.02081 1.99449 1.94949 1.98005 1.9809 2.01402 2.00468 1.98939 2.00298 1.9809 2.05732 2.0293 1.99449 1.97496 1.96562 1.986 1.95628 2.00213 1.99194 2.01317 2.01741 1.97666 2.02166 1.986 1.95628 2.03609 2.03694 2.03354 2.00298 2.02251 2.00043 1.986 2.0327 2.01571 2.01486 1.98769 1.97326 1.99194 2.00213 1.99534 1.97411 1.98769 1.98345 1.98005 1.97496 2.00043 1.99618 
1.98884 1.9637 1.96706 2.04078 1.98046 1.95533 2.00978 2.04497 1.95952 2.00727 2.02235 2.01732 1.99219 1.99889 2.02151 1.98884 1.99554 1.97041 1.97878 2.03324 1.99638 1.99722 2.02737 2.0324 1.96789 1.95533 1.94863 1.98968 1.96119 2.02989 2.01816 2.04999 1.99303 1.99722 1.9947 2.01648 1.99554 1.9637 1.98297 1.96789 2.03491 2.05167 2.05586 1.99219 2.00475 2.03743 2.0014 2.01229 1.97543 1.95784 
1.99078 2.02302 2.02137 1.99243 1.96184 2.02385 1.98582 2.06188 1.98664 2.0131 2.02798 1.98499 2.00566 1.98086 1.96019 1.98168 2.01475 2.0379 1.96184 1.97176 2.00649 1.94944 1.98416 1.97094 2.0255 2.01723 2.01723 2.00731 2.00235 1.99822 2.00979 2.01558 1.9759 1.9759 2.00897 2.00731 2.00318 1.99739 2.00153 1.97507 2.01475 2.01145 2.00814 1.99243 1.98086 1.96846 1.99987 2.01227 2.03707 2.02715 
1.97145 2.00328 1.97308 1.94208 2.0147 2.01062 1.99838 2.0196 2.00572 2.02123 1.97064 2.00246 2.02286 2.00328 2.00083 1.98124 1.94452 2.00736 2.00246 1.9992 1.96737 1.97553 1.96166 1.99593 1.9535 2.02286 2.04326 2.00328 2.04163 1.97308 1.98614 1.99185 1.9943 1.99838 2.04081 2.00491 2.0302 2.02857 2.02286 2.00083 1.94779 2.01552 1.969 2.03347 1.96329 2.02368 2.02449 2.01715 1.99022 2.03265 
1.98806 1.97034 1.99612 2.01062 2.02029 2.02029 1.98806 2.0372 2.00659 1.9357 2.0082 1.99612 2.00015 2.00981 1.96954 2.00901 1.98887 2.01706 2.01626 2.00901 1.97034 1.9792 2.00015 2.01706 2.0082 1.97195 2.01626 1.97679 1.99531 1.98726 1.98484 2.00659 2.00337 2.07023 2.01626 1.97759 1.98001 1.96631 2.00901 1.99612 1.99531 2.01626 1.99612 2.01304 2.00176 1.98806 1.97356 2.04526 2.01384 1.97759 
2.00426 2.00187 2.03289 2.03607 1.93824 2.0138 2.06073 1.99074 1.97085 1.99233 1.98994 1.98437 1.96688 2.04641 2.02971 1.99153 1.98835 1.98119 1.96926 1.98278 2.03846 2.02732 2.0138 1.99948 2.00823 1.99869 1.95017 1.99312 1.98278 2.01857 2.02494 2.00346 1.9796 1.97642 2.02414 1.98994 1.9963 1.99392 1.98437 2.01221 2.0146 2.03766 1.98915 2.00903 2.00108 2.0146 1.97165 2.00505 1.99074 2.00426 
2.05774 2.03811 1.98313 2.0279 2.04361 2.02947 1.98784 1.9635 2.02947 1.99334 1.98234 1.99177 2.03889 2.01612 1.99098 2.01533 1.99648 2.01298 2.0224 1.97842 1.96742 2.00905 2.05225 2.05303 2.00748 1.99256 1.98234 1.98077 1.97056 1.98392 2.01926 1.99962 2.00198 1.98156 1.98392 1.99727 1.9957 1.96428 2.01062 1.98706 1.93365 1.99098 1.99256 2.00277 1.9902 1.96978 2.01533 1.95878 2.01298 2.00826 
2.02768 1.96175 1.98037 2.02225 1.99666 1.97726 1.98502 1.97183 2.01993 1.98735 2.00054 1.97106 2.00829 1.97649 2.04087 2.02613 1.99355 1.95787 1.99355 1.99045 2.00364 1.99123 2.03777 1.98269 1.99898 1.98114 1.96796 1.97494 2.01527 1.98425 2.01605 2.0494 2.01217 2.02458 1.99433 1.97959 2.05328 1.97339 1.99511 2.01372 1.97494 1.98735 1.9889 2.02691 2.02458 2.0176 2.01295 1.97804 2.00752 2.00054 
2.01752 2.02518 1.95775 2.01752 1.96388 1.95698 1.97384 1.98763 1.9884 1.98533 1.99989 2.02671 2.03591 1.99223 1.93476 1.99376 2.03437 2.02441 2.00449 2.00449 2.00602 2.01445 1.97461 1.98457 1.97614 2.0451 2.01445 2.04357 1.97001 2.00066 2.01598 2.01981 1.98533 2.02978 2.01062 1.99913 2.02671 1.99223 1.96541 2.02901 1.99376 2.00909 2.03591 1.97461 1.99683 2.07192 1.99989 2.00142 2.00832 1.99606 
1.96217 1.98488 2.05831 1.97125 2.02046 1.97504 1.99245 2.0197 2.01062 1.99851 2.00986 1.9705 1.9599 1.98034 2.00986 2.0356 1.9599 2.0197 1.99018 2.0303 1.95157 1.97731 2.02197 1.95384 2.02122 1.97428 1.97353 1.98867 1.99472 1.99775 2.0197 2.01743 1.99018 2.04166 2.00759 1.98715 2.02652 2.00911 2.02425 2.00381 2.0197 1.97201 1.98185 2.01819 2.0303 2.00683 2.01819 2.01138 2.00911 1.99169 
1.99865 1.97621 1.9822 2.02109 1.99042 2.02184 1.99267 1.98893 2.02708 2.0181 2.00239 2.05026 2.00763 1.98743 2.04652 2.0368 2.02034 1.94928 2.03605 2.03082 1.99342 2.01361 1.96798 1.99117 2.00613 2.04428 1.98668 1.98743 1.96948 2.02408 1.97995 2.00688 1.99566 2.00763 2.00912 1.9822 2.03306 2.02708 2.03381 1.95676 1.97846 2.00015 1.97322 2.04428 2.03605 1.99716 1.98294 2.03904 2.0181 2.00763 
2.00914 1.97514 1.98696 2.02984 1.98327 1.98327 2.01949 1.98992 1.99436 2.00988 1.9877 2.02984 2.00692 2.0254 1.96183 2.01505 2.01284 1.98623 2.00249 2.01579 1.99362 2.02171 1.97366 1.9951 1.98475 2.00618 1.9951 2.03797 2.04536 1.96183 2.0328 1.9951 1.96922 2.02984 1.98696 1.98401 1.9914 2.01875 2.00618 2.01136 2.01284 1.97662 2.01579 2.00027 1.9914 2.00249 2.01875 2.00027 1.97957 1.98918 
1.97628 2.00916 1.99382 1.98213 1.95729 1.95582 1.9814 1.99162 2.00185 1.98943 2.0245 1.96605 1.9719 1.99455 2.03546 2.00989 2.00404 2.02596 1.99601 1.98432 2.01354 2.02669 2.01427 2.01427 1.98943 2.01208 2.015 2.04861 1.99674 1.98724 1.98066 2.015 1.97117 2.02304 1.96971 1.99162 1.99382 1.9456 2.00551 1.99235 1.9982 1.97263 2.01939 2.03911 1.96824 2.04423 2.00697 1.99235 1.97263 1.9434 
2.03879 2.01712 1.96656 2.00629 1.98895 1.99112 1.98173 2.00701 1.98751 1.96801 2.02867 2.01062 1.98968 2.02434 2.00773 2.01206 1.99618 1.98895 2.04817 1.99112 2.01062 2.03373 2.02579 2.03806 2.02579 2.00917 1.96945 2.02001 1.99545 2.01784 2.00845 2.00051 2.0554 2.02145 2.01351 2.00484 2.01495 2.00629 1.99401 2.0294 2.00268 1.99906 2.0424 1.98534 1.99906 2.02145 1.99473 1.99834 2.01062 1.96151 
2.01205 2.06917 1.97135 1.97849 2.01133 2.01919 1.99134 1.95636 2.03989 1.98706 1.98277 2.01062 2.00776 2.03704 2.00062 1.96064 1.98777 2.00491 2.00062 2.00919 2.02561 1.99277 2.02347 2.02776 2.00205 1.98492 2.00776 2.01419 2.03133 2.00562 2.01705 1.97064 2.02419 1.97563 1.99206 1.99491 2.06203 1.97206 2.02204 2.00277 2.00348 1.98563 1.99848 2.00205 1.98492 1.99348 1.94993 1.97206 1.99991 2.01205 
1.99791 2.00709 2.00709 2.02756 2.03674 2.00003 1.99368 2.01133 2.04239 2.02686 1.97108 1.97885 2.04027 1.96473 2.01133 1.99368 1.98238 1.9852 1.95273 1.98873 1.99156 1.99862 1.98026 2.00215 1.99862 1.98732 2.00003 1.97391 1.95414 2.00638 1.99862 2.05933 1.99438 1.97391 2.02756 2.00285 1.9965 1.9732 1.98238 2.0078 2.00003 1.99932 2.03109 1.99156 2.00144 2.01133 2.00215 1.94567 1.99791 2.02686 
1.96734 1.98828 2.00713 1.98618 2.01202 1.96524 1.98968 1.96873 1.99666 1.99247 1.99735 2.0176 2.01132 2.02039 2.02668 2.00085 1.99317 1.99177 1.98479 1.99107 2.0169 2.0197 2.02388 2.01271 1.982 1.9813 1.99805 1.96873 1.97851 1.96873 1.98549 2.00154 1.99456 2.03017 1.97362 1.97152 1.99666 2.03854 2.01341 1.99666 1.98549 2.00992 2.02249 2.05251 1.98269 2.00015 2.00713 2.00713 2.00783 2.00434 
2.01131 2.00648 2.05274 1.96988 2.0189 2.0189 2.00095 1.9761 1.99336 2.0196 1.95745 1.98576 1.96643 2.00164 2.00441 1.95676 1.99405 2.03755 1.97333 1.99474 2.02167 1.98645 1.97679 1.96022 1.97195 1.97955 1.99129 1.99474 2.01062 2.00855 2.01821 2.02305 1.96367 1.97886 2.02374 1.94088 1.9685 1.98231 2.04998 1.983 1.9975 2.03133 1.96022 2.01131 2.01476 1.97057 2.02788 2.01131 2.01338 2.02098 
1.99286 2.00174 2.00447 1.99286 2.02906 1.97306 1.99013 2.01267 2.00652 2.02564 2.02838 1.99559 1.99286 1.97647 1.97032 1.99969 2.00857 2.01745 1.99423 1.98672 1.9792 1.98467 1.99764 1.99696 2.00379 2.01608 1.99969 1.97237 2.03247 1.99423 2.04272 1.99696 1.96281 2.01267 1.98125 1.9915 2.04545 2.03316 2.00516 2.01335 2.0154 2.00789 1.99833 1.98194 1.97989 1.99423 1.9792 1.98398 1.97032 1.99491 
2.00386 1.97616 2.00251 1.95252 2.00386 2.00792 1.99305 2.0721 1.99846 2.00859 1.99778 2.01602 2.0221 2.01805 1.99035 2.03156 2.02143 1.99305 2.00116 1.99238 2.01602 1.96062 2.0194 1.98968 2.00251 1.97616 1.97008 1.96265 2.03629 2.02008 1.99981 1.97279 1.99778 2.00386 2.0167 2.00994 1.99711 1.97279 1.98562 2.01738 2.00589 1.989 2.01265 2.00116 1.99576 1.98495 1.95387 2.03291 1.97143 2.0167 
1.95982 2.00661 1.98388 2.02867 1.96851 2.01597 1.95848 2.02599 1.97987 1.96583 1.99124 1.98054 2.01329 1.98388 2.00126 2.01062 2.0046 2.00728 2.01463 1.99725 1.99658 1.97051 1.98255 2.01463 2.01664 1.99591 2.00327 2.01864 2.02599 1.99057 1.99458 2.0046 1.99124 1.98321 1.99257 2.00394 1.99324 2.01864 1.9899 1.94445 1.97853 2.02666 1.9919 2.00126 2.0046 1.97586 1.9772 1.98455 2.01463 1.9899 
2.04633 2.03377 1.99673 2.00996 2.01856 2.04369 1.99276 1.99475 1.9802 1.99938 2.02385 1.97292 2.01393 2.00665 1.99342 2.00996 2.01789 1.99607 1.96234 1.97292 1.99144 2.00599 2.03774 2.00268 2.01525 2.02715 1.9921 1.97557 1.99607 2.02848 2.00533 2.00731 1.99475 1.9921 2.0212 1.93919 2.02782 1.97755 2.01128 1.96035 2.02517 1.97557 2.02715 2.0212 1.98416 1.99805 2.02583 2.00334 1.99144 2.00401 
2.01127 1.99884 2.01978 1.9936 2.00407 2.00211 1.97135 1.9792 2.02305 1.97462 1.98771 2.03418 2.01651 2.01913 2.01913 1.9936 1.97789 2.01913 2.03353 1.99295 1.96742 1.99426 1.98509 1.99687 2.04204 1.99884 2.00407 1.9648 2.05185 2.008 2.01782 1.98117 1.97986 2.00866 1.96153 2.02436 1.98182 2.04138 2.00931 1.9648 1.98117 1.98248 2.00407 2.03418 2.01062 1.99687 2.00866 1.97986 2.008 2.06625 
1.98924 1.99248 2.03977 2.00609 1.99443 1.98924 2.00932 2.00026 1.986 2.01127 2.00544 2.02228 2.00414 2.02098 2.0158 1.9724 2.02552 1.98147 2.01904 2.02746 2.01386 2.01386 2.01969 1.98082 2.00544 2.00026 2.01904 1.9873 2.03459 2.00155 1.98665 2.04301 2.01127 1.96981 2.00155 1.98989 2.00609 1.99183 1.99054 2.02487 1.99507 1.99961 1.96528 2.00997 2.00155 2.00997 1.97823 1.99637 1.96398 1.95815 
2.03242 2.01383 2.02472 2.0228 1.9683 1.99972 2.01318 1.99844 1.9792 2.00805 2.00741 1.97343 1.98561 2.02921 1.97343 1.94843 1.99972 2.01254 1.99651 2.01511 1.99844 2.001 1.94779 1.97407 2.02472 1.99074 2.02088 1.98049 1.98305 1.99331 1.97472 2.01639 2.0337 1.98241 1.98497 2.03434 1.9978 1.99972 1.97856 2.0119 1.98818 1.99651 1.99395 2.02601 2.01126 1.98882 2.0196 2.01703 1.99844 1.95163 
1.99031 1.97 1.95033 2.02522 1.96937 1.99539 1.96365 2.0176 2.00808 2.01379 2.00808 2.003 2.02077 2.01633 2.01824 1.98968 1.98016 1.99348 1.99031 1.98968 2.0157 1.95921 1.99856 1.99602 1.98714 2.01316 1.99602 1.98714 1.99285 2.00935 1.98269 2.00808 2.00046 2.00872 2.01189 2.00808 2.00173 2.01252 2.01379 1.9846 2.00427 2.00173 2.01443 1.97 1.99475 2.02204 1.99666 2.03854 1.98396 2.02649 
1.98737 2.00873 1.97292 1.98423 1.99868 2.02004 2.01313 2.00936 2.03073 2.01879 1.97795 2.02696 2.00936 2.01502 2.00308 2.01376 1.97543 2.01188 1.99491 1.99491 1.98674 2.00434 1.99303 1.98109 2.01753 1.98549 2.01753 2.01753 2.02758 2.00748 1.9836 1.99617 2.04581 2.00748 1.97104 2.00434 2.00811 2.02381 2.02256 2.04518 1.99931 2.00559 1.97355 1.9836 2.01062 1.99868 2.059 2.01376 2.0213 2.00371 
