10.88 12.8 13.44 17.92 12.8 10.24 14.08 12.16 14.08 10.88 12.16 5.76 14.08 11.52 8.32 17.92 12.16 14.08 15.36 10.24 12.8 12.8 11.52 12.8 14.72 12.16 13.44 11.52 11.52 12.16 9.6 14.08 11.52 12.8 7.68 8.96 10.24 12.16 11.52 13.44 15.36 7.68 10.88 11.52 16 5.76 12.8 8.32 10.88 12.8 
10.24 10.88 12.8 11.2 14.4 12.48 9.92 11.84 10.88 11.2 11.2 14.08 15.68 12.8 12.48 13.12 9.6 12.48 12.16 14.4 11.52 11.84 11.2 9.28 10.56 9.92 10.56 14.72 9.28 11.84 12.8 11.52 11.2 10.56 11.52 9.92 8.96 13.76 12.16 11.84 11.2 10.24 11.2 9.28 13.12 10.56 11.84 11.2 12.8 12.16 
10.4533 14.5067 11.7333 13.2267 10.4533 11.9467 12.16 11.3067 9.38667 12.3733 13.0133 10.6667 14.08 10.0267 13.0133 10.88 10.88 11.0933 13.6533 9.81333 12.16 11.0933 13.2267 12.5867 14.2933 13.8667 11.9467 13.2267 11.7333 8.53333 14.08 14.2933 12.3733 10.88 12.16 14.72 11.52 14.2933 11.52 11.7333 11.7333 14.08 11.52 11.9467 11.0933 11.3067 12.16 11.0933 10.6667 11.0933 
12.32 12.48 12.96 10.88 12.48 13.6 13.92 10.4 11.2 13.28 10.72 12.8 12.48 12.96 11.04 12.32 13.44 11.68 14.08 11.36 13.92 12.48 12.8 12.32 12.8 10.08 13.76 11.68 12.64 11.52 11.04 12.96 11.68 12.96 13.76 10.88 11.2 11.84 12.32 11.2 12.96 12.8 12.16 10.88 11.04 11.36 11.04 12.64 13.28 12.32 
12.16 11.264 10.88 11.264 11.776 11.904 11.648 11.904 11.392 13.056 11.136 12.16 11.648 11.392 13.056 12.544 13.568 12.032 12.16 11.904 11.264 12.928 13.312 12.416 12.416 10.624 14.208 12.288 11.008 12.16 11.008 11.776 11.392 11.52 11.008 12.288 10.368 11.776 11.648 12.416 12.416 9.344 12.8 11.904 13.184 12.544 12.8 13.184 11.904 11.648 
11.0933 11.4133 11.9467 11.9467 12.5867 13.6533 11.4133 11.84 10.56 11.7333 11.7333 13.5467 11.6267 12.16 11.2 10.9867 12.16 10.24 12.9067 11.7333 13.9733 11.84 12.48 11.2 12.48 12.16 12.16 12.5867 11.84 12.48 12.6933 12.2667 12.9067 12.5867 12.48 12.3733 11.4133 11.3067 11.2 11.2 13.3333 11.0933 10.3467 12.8 10.56 10.1333 11.52 12.6933 12.5867 11.3067 
12.4343 12.3429 11.52 11.8857 11.1543 12.2514 11.0629 12.16 12.9829 13.9886 13.6229 11.7943 11.7029 10.9714 11.8857 12.3429 12.8 10.9714 11.7029 11.3371 12.16 12.8914 12.6171 13.5314 11.1543 12.6171 12.0686 11.7029 12.8914 9.6 11.2457 12.6171 12.4343 11.2457 12.8914 11.9771 12.3429 11.9771 11.9771 10.7886 12.9829 12.5257 11.0629 12.8 10.7886 13.1657 11.6114 12.5257 12.8 11.7943 
12.32 11.52 13.28 12.88 11.76 11.68 12.56 13.12 11.12 11.52 11.6 13.28 12.96 11.84 12.96 12.48 11.2 11.2 12.08 13.12 12.24 12.64 11.6 12.96 11.68 10.64 13.36 12.32 12.8 11.76 12.56 12.32 12.8 11.92 12.96 12.72 11.92 12.64 12 12.96 12.32 12.72 12.56 11.92 11.44 11.76 11.28 11.2 12.56 10.64 
12.9422 12.0889 11.52 11.3778 11.5911 12.2311 13.1556 12.0889 12.3022 11.2356 12.5867 12.3022 11.8756 12.0889 12.5867 11.4489 12.16 11.8044 11.7333 12.9422 13.0133 11.8756 12.8711 11.5911 12.7289 12.5867 10.6667 11.9467 11.6622 12.3733 13.2267 12.3733 12.16 12.4444 13.0844 13.0844 12.2311 11.7333 12.16 12.5156 13.7244 11.8044 11.0222 11.6622 11.52 11.6622 12.5867 12.4444 12.9422 12.16 
11.264 11.968 11.648 13.248 11.456 11.904 11.776 12.224 11.584 13.824 11.52 11.84 11.264 11.52 12.096 13.248 11.904 12.288 11.648 11.84 12.032 10.752 12.48 12.992 12.544 12.032 12.288 11.2 12.992 10.816 12.672 11.2 10.88 12.032 11.584 11.008 11.968 12.864 11.328 12.032 12.096 11.136 12.416 12.8 12.416 11.328 11.52 11.52 11.968 11.776 
12.5673 11.2873 12.2764 11.8109 12.3927 11.9855 10.88 11.4036 12.1018 12.6836 12.0436 11.8691 10.3564 11.1127 11.2873 12.9164 11.7527 12.3345 12.4509 12.0436 11.6945 12.8582 11.2873 12.5091 11.52 11.8109 12.5091 12.5091 13.0327 11.4036 13.0909 11.7527 12.4509 12.7418 10.9382 12.1018 12.6836 12.7418 12.6255 11.6364 11.6945 12.3927 12.6836 12.3927 11.5782 12.5091 12.1018 11.9273 12.2182 11.5782 
11.8933 12.4267 11.6267 10.9333 12.64 11.6267 12.96 12.48 12.6933 11.4667 11.7867 11.4667 11.9467 12.48 12.96 11.5733 12.8533 10.9867 11.68 11.4133 11.68 13.44 11.8933 12.2667 11.7333 11.7333 12.1067 12.6933 11.52 11.8933 11.5733 12.96 12.5333 12.8533 11.7867 11.52 12.7467 13.0667 12.6933 11.9467 12.8533 11.7867 11.4133 10.6667 12.2667 11.7867 12.48 11.5733 11.3067 11.6267 
12.3077 13.0954 11.6185 12.7015 11.9138 12.5538 11.9631 12.1108 12.7508 12.6031 12.1108 11.3723 12.16 12.0615 12.7508 12.7508 11.9631 12.2585 12.16 11.7662 12.2585 13.1446 12.2585 11.52 12.0123 11.9631 12.16 12.3569 11.9631 11.8646 12.5046 11.5692 12.2092 13.6862 12.6523 11.8646 12.2585 11.6185 13.1938 11.9138 11.6185 11.8154 13.5385 11.52 11.9138 11.6677 11.7169 10.7815 12.7015 11.2246 
11.9314 12.4343 12.0229 12.0229 12.7543 11.9314 12.0686 11.4743 11.9314 12.1143 11.84 10.88 12.1143 11.1543 11.2914 11.7486 12.2514 11.52 12.48 11.9314 11.8857 12.3886 11.7486 12.5714 11.9771 12.2514 11.8857 11.7943 11.4286 12.8457 11.8857 12.5257 12.16 12.1143 11.2914 12.3886 11.7486 11.9314 10.88 11.7943 11.7029 12.5257 12.6629 12.48 11.2457 13.3943 11.9314 12.3886 11.7943 12.0229 
11.4347 11.9893 13.44 11.776 12.672 12.2453 11.8187 12.032 12.5867 11.1787 12.16 11.8613 11.9467 11.6907 11.648 13.568 11.7333 12.16 12.2453 11.648 12.1173 12.3307 11.7333 11.4347 11.7333 11.3493 11.6907 12.2027 11.9467 11.392 12.8 12.5013 11.6907 12.2027 12.4587 11.776 12.4587 11.0507 12.288 13.0987 11.52 11.52 11.7333 12.416 11.6907 12.288 11.3067 12.2027 11.7333 11.4773 
12.48 11.88 12.52 11.44 11.6 11.96 12.68 11.76 12.04 12.48 11.2 11.04 11.4 11.48 13.24 11.84 12.68 11.6 12.52 11.92 12.68 12.44 11.28 12.96 11.44 12.6 11.64 11.4 12.44 12.16 12.12 12.72 11.44 11.6 11.76 11.52 11.44 11.48 11 11.8 12.52 12.12 12.56 13.08 11.44 11.28 11.32 13.24 11.84 12.12 
12.0471 11.6329 12.2729 12.8 11.8212 10.9929 12.16 11.5576 12.3482 11.3694 11.8965 12.3859 12.6871 12.9506 12.0094 11.7082 12.3859 11.7082 12.1224 11.7459 12.2353 12.0094 11.8965 12.0847 12.8 12.8376 11.2188 12.9506 12.4988 12.6871 11.7835 10.9176 12.5365 12.0094 11.9341 11.6706 11.8212 11.52 11.9718 11.9718 11.3318 12.0471 12.8376 12.3859 11.6706 11.6706 11.2188 12.6871 11.4447 12.6118 
12.4089 11.4844 12.1956 12.48 12.1956 11.2711 11.9111 12.6578 11.6267 12.4444 11.1289 12.16 12.5867 11.0578 11.9822 12.6222 11.5911 11.8044 12.6578 12.1244 11.9822 11.4844 11.5556 11.6622 11.7689 11.2356 12.1244 11.0578 11.3778 12.4444 11.6622 11.9822 12.5511 11.6267 11.3067 12.5511 12.3378 11.0933 12.3378 11.9111 12.1244 11.8044 12.2311 11.52 11.4844 12.5867 11.6267 12.5156 12.4444 11.52 
12.3284 11.8568 12.4632 12.16 12.7326 11.5874 12.3621 12.5305 12.3284 12.4632 12.3958 12.5642 12.4632 12.4632 12.0253 12.16 12.0589 12.7326 12.5305 12.6653 10.9474 12.0926 12.16 12.6316 11.9579 11.7221 12.2274 11.6884 12.9011 11.6547 11.2168 10.7453 12.2947 12.0253 12.1937 11.4526 13.0358 11.52 13.1368 12.8337 11.9242 13.2716 12.3284 12.2611 12.4632 12.16 11.6884 11.4189 12.5979 12.2611 
12.224 12.192 11.008 11.584 11.584 11.744 11.616 12.8 11.616 11.808 12.512 11.808 12.64 11.424 11.904 11.552 12.576 11.264 12.192 12.256 12.544 12.64 11.36 13.696 12.704 12.576 12.736 12.064 11.872 11.616 11.968 12.032 12.736 11.616 11.584 11.968 12.448 12.128 11.584 12.128 11.872 11.264 12.032 11.968 11.68 11.136 12.512 12 11.328 12.448 
11.7029 11.3981 11.7943 11.1543 11.7638 12.4952 11.6724 12.5562 12.0686 11.3981 12.0381 11.9162 12.2514 12.3733 11.4895 11.8552 12.0076 11.9467 11.4286 11.3676 11.8552 12.0076 12.0686 11.4895 12.0381 12.6781 11.0933 11.4286 12.739 11.459 12.0381 12.16 11.581 11.7029 12.4343 11.5505 12.9524 11.7638 12.0381 13.2571 11.4286 12.5257 12.16 11.6724 12.4648 11.7638 12.8 11.9467 11.4895 12.3124 
11.5491 11.4036 12.0145 12.0145 12.5964 11.9855 12.2764 12.0145 12.3636 11.7236 12.4218 11.2582 11.9273 12.4218 11.9564 12.5091 10.8509 11.6945 12.2473 12.16 11.6364 12.7127 12.5091 12.1309 11.2 12.5382 11.8691 12.5673 11.9564 12.4509 12.4509 12.16 11.84 12.2182 11.4327 12.2473 11.9273 11.2 11.0255 11.4618 12.2473 11.84 11.4909 11.84 12.0727 12.3055 12.1309 11.9273 11.1418 11.84 
12.327 12.4383 11.8539 11.9652 12.4104 11.5757 11.1304 11.7704 12.4661 11.6591 11.4365 11.5757 11.993 12.16 12.4383 11.3809 11.9374 12.5217 12.6609 11.8817 12.1322 11.353 11.1304 11.5478 13.0504 11.8261 12.2157 11.6591 12.4939 12.9391 10.9913 12.0487 12.6052 11.5478 11.7426 11.0748 11.6035 12.5496 13.6904 11.6035 11.3252 12.1043 11.9096 11.8539 12.0765 11.0191 12.6887 11.5478 12.0209 12.0209 
12.1333 12.2133 11.4667 12.1867 12.16 12.3467 12.56 12.4533 12.08 11.3333 12.7733 11.8933 11.4133 12.24 12.7733 12.6133 12.5067 12.4 12.9067 11.92 11.4933 12.1067 11.6267 11.7067 11.8667 12 13.0133 12.3467 11.76 11.8933 11.92 12.96 11.8933 11.7067 12.4533 11.36 11.7067 12.1867 11.8667 12.1867 12.2667 11.8933 12.1067 10.6667 12.0533 12.16 11.8933 12.08 11.6533 12.1067 
11.1872 11.776 11.904 12.0064 12.2624 11.7504 12.0064 12.288 12.8 11.9552 12.7744 11.0336 12.1856 12.3904 11.8784 11.6736 12.0064 12.3136 12.288 11.4176 11.7248 12.0576 11.4176 12.1856 11.6992 11.0848 12.1088 11.9296 12.3904 12.1344 12.288 11.8784 12.7744 11.0848 12.6976 11.6224 11.8272 11.5712 11.392 12.8512 12.0064 12.288 12.16 11.1872 11.3664 12.1344 12.288 12.4672 12.16 11.776 
11.6185 12.4062 11.5938 12.0369 12.0615 11.4215 11.7662 10.9292 11.6185 11.8646 11.6677 11.84 11.8154 11.7415 11.4215 11.6185 12.0615 11.6185 11.5446 11.7908 11.8892 12.0862 12.7508 12.0123 11.6677 12.6769 11.1508 11.6923 12.3323 11.7415 11.7415 11.7415 12.9969 12.8738 12.3569 12.7262 13.0708 12.5292 11.9385 10.5846 11.5938 11.7169 11.9631 11.8154 11.7415 12.5785 11.9138 11.2985 11.6431 11.4954 
11.9704 12.16 12.563 11.8044 11.0933 12.2311 12.4444 12.0178 11.8519 11.2593 12.0652 11.7096 11.7096 12.0889 11.8519 11.6385 12.0415 12.2548 12.2311 11.6148 11.9704 12.3022 13.1081 11.8993 12.0178 11.8044 11.8519 12.4207 12.5156 12.2074 12.6815 11.7333 12.0652 12.4444 11.3778 12.5393 12.16 11.0222 12.1837 11.4252 12.2074 11.7807 11.5674 12.8474 12.3022 13.0607 12.1126 12.1837 12.2785 12.0652 
11.6343 12.1829 12.8229 12.2514 11.3143 12.4114 11.3371 12.2514 12.4114 11.4971 11.9543 12.5257 11.68 11.8171 11.9314 12.5486 12.1371 12.1829 11.7257 11.84 11.7943 12.5029 11.7714 12.16 11.2686 11.5429 12.1371 12.1143 11.9086 12.4571 11.7943 11.9086 11.4971 12.1829 12.4571 11.9543 11.9314 11.5886 12.2743 11.68 11.8171 12.1371 11.0629 12.6857 12.2286 12.1829 11.4514 11.5657 12.1143 12.48 
12.4028 12.0055 11.4538 12.6234 11.6083 12.0717 12.2483 11.6303 12.0276 12.2041 11.7186 11.3214 12.5793 12.469 12.1379 11.8731 12.6014 12.3807 12.3366 11.6745 12.0055 12.5572 12.6455 12.0055 11.9834 12.5352 12.0938 12.0276 12.7338 12.8 12.8441 11.9393 12.2262 12.1159 11.9393 12.5352 11.7407 12.0938 12.1379 12.5131 11.6303 11.5421 11.9614 12.6897 11.8952 12.6234 12.5793 11.851 12.0055 12.0497 
11.3707 12.4587 11.8187 11.648 12.2667 12.352 12.0747 12.8213 11.84 12.48 11.712 11.6693 11.7547 11.5413 11.968 11.6053 12.032 11.904 11.712 12.5227 11.8827 12.4373 11.8827 11.9893 11.8613 11.4987 11.6907 12.2667 11.712 11.9893 12.16 12.4373 11.4773 12.5013 12.736 11.712 12.16 12.16 11.4987 11.8827 11.9893 12.352 11.84 12.032 12.4587 12.5653 11.9253 11.6053 12.1387 11.7973 
12.0568 12.449 12.0155 12.2839 11.8503 11.9329 11.4374 12.16 11.6645 11.9123 11.5819 11.6852 12.2426 11.5406 12.0155 12.3871 12.2013 12.4284 12.2632 11.9742 11.2929 12.0981 12.4697 11.871 11.3135 12.7174 12.3665 11.7058 11.9329 11.8503 12.3871 12.4697 12.2013 11.4581 12.2219 11.2929 12.2219 13.0684 11.4994 12.3665 11.6852 11.9948 11.3755 12.4903 11.8503 12.3045 11.9948 12.3458 11.5819 11.6026 
12.1 11.66 11.82 12.12 11.58 12.3 11.8 12.04 12.02 11.78 11.78 12.1 12.3 12.22 11.56 11.48 12.82 12.36 11.32 12.06 12.2 11.82 12.08 12.1 12.36 11.88 11.66 12.36 12.34 12.78 11.86 11.22 11.42 11.7 12.04 12.14 12.12 11.98 11.76 12.02 11.9 12.2 11.72 12.1 12.08 11.78 11.9 11.36 11.7 12.42 
11.7333 11.8303 12.0824 12.3927 11.7333 11.7139 11.4036 12.7224 11.7721 11.7721 12.3539 12.5867 11.8109 12.063 11.6558 11.9661 11.8691 11.9661 12.1018 12.0048 12.1794 11.9467 12.1406 12.2182 11.6558 12.3539 12.1406 12.6836 11.8303 12.4509 11.6364 11.3067 11.6752 12.063 11.2291 11.7527 11.4424 11.8691 12.2182 11.6364 11.6752 11.9467 12.4703 12.4703 11.5782 12.4121 12.5479 11.3455 12.1212 11.8109 
12.9694 12.2165 12.2165 11.7459 12.2165 12.0282 11.9529 11.7271 12.7812 12.16 11.9153 12.5929 11.8212 11.5012 12.0282 11.9153 11.8024 11.5953 11.8212 11.84 10.8424 11.7835 11.4824 11.3506 11.6706 12.5365 11.9718 12.7624 12.0471 11.9906 12.1224 12.0282 11.8965 12.3482 11.8776 12.0847 11.8965 10.9741 11.7459 12.4612 12.4424 12.7059 12.2918 11.5012 12.2541 12.4424 12.1224 12.2918 12.2165 12.1788 
12.1417 11.1909 12.5806 12.5257 11.52 11.904 12.1966 11.8309 11.8857 11.8674 11.6114 11.7394 11.9589 11.9406 12.3246 12.1417 12.2331 12.416 11.904 11.7211 11.7394 12.5806 11.904 11.3371 11.5566 11.648 11.1543 11.776 12.544 11.904 11.3006 11.9954 12.7634 12.6171 12.0869 12.0503 11.2823 12.4526 11.9954 11.9589 12.3429 12.5074 11.5017 11.9223 11.4103 12.3063 12.4891 11.7943 12.2149 12.1234 
12.0889 12.0533 12.0356 11.8044 11.68 12.2311 12.1067 12.1956 11.8756 12.2311 11.8756 12.3911 12.32 12.0178 12.1244 12.4978 12.2311 11.6622 12.1067 12.0178 11.4489 11.7867 12 12.2667 12.48 12.4444 12.4622 11.3778 11.9111 12.1244 12.4267 11.9111 11.84 11.9822 12.0889 11.6622 11.7156 11.6089 11.9289 12.2489 10.7378 12.1778 12.6933 11.9822 11.9822 11.2178 12.6044 12.48 11.3422 11.6978 
12.1946 12.1946 11.8486 12.1254 12.0216 11.693 12.2638 11.6065 12.1254 11.8832 12.4022 12.0735 12.7654 11.7968 11.8141 12.0043 12.0389 11.52 12.3157 13.0076 11.9524 12.4541 12.4195 12.2638 11.7449 11.2605 11.2259 12.0735 11.7968 12.8865 11.9005 12.8865 12.0216 12.4541 11.4162 12.333 11.987 12.0389 12.2465 12.0043 11.8141 11.5719 12.3849 12.5232 11.4335 11.6238 11.7622 11.8832 12.0735 11.4508 
11.9579 11.7895 11.5032 11.7895 12.1937 11.8063 11.4021 11.9579 11.9411 12.0589 12.48 12.16 12.0084 12.4126 12.1095 11.9074 11.3011 12.4295 11.3853 12.2779 11.4021 11.7053 11.8568 11.8737 11.6547 11.2842 11.3853 11.6716 11.6884 11.9242 12.3789 11.8568 12.3621 11.2674 12.4632 11.9074 11.6716 11.9242 12.2274 11.4021 12.3621 11.6379 12.3453 11.5537 11.3853 11.9747 12.1263 11.7558 12.6484 12.1095 
12.0779 12.16 11.9795 12.2256 12.4718 12.1764 11.8974 11.8154 11.7005 11.7662 11.6021 12.2749 11.6021 12.0123 11.9138 11.9795 12.2749 12.1108 11.8482 11.9959 11.9959 12.0451 12.16 11.9959 11.3067 12.6687 12.3405 11.8154 12.1272 12.1108 11.9959 11.6349 11.9959 12.1272 11.881 11.799 11.8974 11.9138 12.2913 11.4051 12.6031 12.6359 12.3897 11.2738 12.439 11.7169 11.7169 11.3395 11.9959 11.8482 
11.984 11.872 12.048 11.92 11.504 12.256 11.952 12.528 11.408 12.56 12.016 12.064 11.936 12.112 12.512 11.936 11.808 12.064 11.344 11.904 12.16 12.016 12.336 12.304 12.144 11.888 11.504 11.632 11.856 11.936 11.984 11.68 11.6 12.432 11.584 11.52 13.04 12.16 12.096 11.728 11.92 12.032 12.08 11.552 11.552 12.064 12.464 11.664 12.352 11.936 
11.879 12.0039 12.2849 12.519 12.082 12.16 11.9415 12.5502 11.7229 11.8322 12.238 10.7707 11.9415 11.442 11.8946 12.1912 11.9571 11.8634 12.238 12.082 12.3629 11.8478 11.801 12.3629 11.9727 12.2537 11.801 11.879 11.8166 11.6137 12.238 11.9259 11.9415 11.9259 12.2537 11.9259 11.3327 12.0663 11.5044 12.3629 12.3317 11.5512 12.2068 12.4254 12.2224 11.7073 11.3327 12.5815 12.3317 12.3005 
11.9162 12.5714 11.2152 11.84 11.5352 12.0076 12.1295 11.9162 11.6267 11.8248 11.7029 12.16 12.419 11.7638 12.0533 12.0533 12.1905 12.3886 11.6267 12.2514 12.1752 11.8248 12.3733 12.0076 12.1752 11.3829 11.6419 11.8095 11.9924 11.7486 11.8095 12.3429 11.6571 12.419 11.6114 11.7029 11.5657 11.8095 11.779 11.9619 11.7333 12.0381 11.4286 12.16 11.901 11.9162 11.6267 11.9467 11.4133 12.1295 
11.7433 11.4753 12.9042 12.2047 11.5944 11.7284 12.0112 12.6065 12.8595 11.8474 12.1302 12.8 12.16 11.9963 11.9516 11.9963 12.0112 11.8921 12.2344 11.9814 11.2372 12.1898 11.8921 11.5051 11.7284 12.16 12.2493 12.0856 12.4726 12.2791 12.3088 12.5619 11.654 11.7581 12.5767 11.9219 11.4605 12.026 11.3414 12.5767 11.6986 12.1451 12.0112 11.6093 11.6242 11.8028 12.3684 11.7879 11.9814 11.7879 
13.0327 12 12.4364 11.6218 11.4909 12 11.9273 11.8691 11.5636 11.7091 12.1164 11.4327 12.1164 12.5964 12.2618 11.9127 11.4618 11.7964 12.7273 11.7382 12 12.0291 11.8836 12.2618 11.8255 11.8545 12.48 12.3927 11.6218 11.7382 12.1309 11.6655 11.7382 11.52 12.5236 11.84 11.8982 11.7527 12.1455 11.84 11.8691 11.8109 12.48 11.6364 12.1018 11.6509 12.6109 11.9564 12.2618 11.4473 
11.7476 12.5013 11.8329 12.3022 11.9467 12.0178 12.3591 12.1742 12.16 12.1031 12.3307 12.2169 11.6764 11.8756 11.6053 12.3164 11.9467 12.4587 12.4444 12.0036 11.9467 11.7333 12.0889 11.8613 11.8898 11.8613 11.9324 12.544 11.9893 11.8471 11.7049 12.0036 11.7049 11.904 12.4444 11.648 10.9653 12.1458 12.2027 12.4018 12.1031 11.3493 11.8329 12.4018 11.1644 11.6196 11.5342 12.0036 11.8329 11.2782 
11.9096 11.8957 12.6609 12.3409 12.313 12.2435 12.1322 12.1183 12.1739 11.8957 12.1183 12.0765 12.5357 12.4243 13.0087 11.687 11.5757 11.8261 12.2157 11.8261 12.3548 11.687 11.8817 12.5357 11.6313 12.5357 11.7565 12.1043 12.2713 11.2139 11.9513 12.1183 11.9374 12.1043 11.9096 11.9096 11.5896 12.0487 12.16 11.3391 11.2835 12.0209 11.9652 12.1183 11.673 12.0626 12.0348 12.1739 11.8539 11.4087 
12.2962 12.0238 11.7243 12.6502 12.2689 12.2826 11.9966 11.8196 12.1872 12.0647 11.9694 12.2009 11.9966 11.5881 12.2826 11.9966 12.0919 11.5609 12.0238 11.9694 12.1055 11.8877 12.2553 12.446 12.0374 11.8468 11.3566 11.9421 11.6562 11.7923 11.7243 11.6153 11.8604 12.2145 11.7515 12.2281 11.5881 11.6562 12.3915 12.3915 12.1055 12.4323 12.3506 11.7106 11.7379 11.6426 12.2689 11.7651 11.9557 12.0238 
11.68 12.2267 11.6667 12.3467 11.8533 11.9733 12.1333 12 12.1333 12.1467 11.8533 12.0667 11.6 11.88 11.76 12.44 12.0667 12.6667 12.1067 12.2267 12.08 12.9333 11.7467 11.8533 12.5733 12.2133 12.8267 12.2267 11.9867 12.48 12.1333 11.4533 12.4 12.0667 11.5733 11.76 11.76 11.9867 12.0267 12.1067 12.1733 11.8 11.7467 12.1867 11.8133 11.8267 12.0667 11.4933 12.0667 12.44 
12.2122 11.4155 12.2906 12.0555 12.0294 11.7551 12.1861 12.0033 11.7812 11.951 11.8596 11.742 12.3037 12.0294 12.0033 11.8596 11.6898 12.3037 11.9771 11.9641 12.3429 11.6114 11.5853 11.7551 12.1992 11.3894 11.7682 12.3559 12.5257 12.1992 11.6898 12.0033 11.6898 11.2065 11.8073 11.8727 11.7943 11.5461 11.8204 11.5069 12.0163 11.8204 12.0294 11.8596 11.7029 11.5331 12.5127 12.1339 12.3037 12.0947 
11.8144 12.032 12.1344 11.776 11.8784 12.5056 12.3776 12.5696 11.8016 11.6864 11.8272 11.776 12.4672 11.9296 12.1856 12.4416 11.3152 12.224 11.8912 12.1728 12.0192 12.4032 12.2368 12.4032 12.1984 11.84 11.7504 12.3008 12.352 12.5696 11.84 11.6992 11.8144 11.4944 11.9168 12.5952 11.5968 11.7504 11.5712 12.0192 11.8528 11.4688 11.7888 11.8656 11.9552 11.8272 12.1088 11.8784 11.776 11.4816 
12.2102 12.4988 12.0345 12.0345 11.3443 12.3231 11.52 12.5114 11.771 11.5953 12.3231 11.7333 12.1098 12.0471 12.4863 12.0596 12.6118 12.2729 11.7333 12.0094 11.7835 12.8627 11.9216 11.8086 12.1224 11.909 11.9216 12.1976 11.5702 12.2478 11.8086 12.5616 12.1725 12.6369 11.9843 12.1349 11.7961 12.0847 11.4573 12.0973 11.8086 11.9718 11.7835 12.1725 11.5953 12.1851 12.4612 11.3945 11.658 11.6078 
12.0615 11.4708 11.8892 12.0492 11.6062 12.3569 11.9508 11.8769 11.4585 11.7538 12.0246 11.5569 11.7292 12.1354 12.2462 12.1477 11.5815 11.5938 11.68 11.8031 11.5323 11.8277 11.7046 12.0615 12.3938 11.2246 12.3077 12.2831 11.9385 11.6062 11.3723 11.7908 12.3446 12.3446 11.7169 11.7415 12.1231 12.1969 11.3723 11.5323 11.9877 11.9262 12.1846 12.2708 12.4431 11.6923 11.4708 11.84 11.9631 11.6554 
12.1842 12.0875 12.003 11.5804 12.2928 11.9426 12.2083 12.2808 11.9064 12.2928 11.2181 11.7977 12.003 11.7615 12.2325 12.0272 11.846 11.6528 12.3049 11.9306 11.9064 11.6045 12.0151 11.834 12.003 12.4981 11.7857 12.0513 11.9789 12.2808 12.317 11.7494 12.0392 12.1721 11.8702 11.7374 11.7857 12.3411 11.9547 12.0875 12.0996 12.3049 11.4958 12.3653 12.1117 12.2445 12.2325 11.7132 12.0272 10.8196 
12.0533 12.0415 11.9941 11.4489 12.3733 11.5911 11.6622 11.9467 12.1956 12.4207 12.2548 12.0652 11.5674 11.437 12.4089 11.7807 12.243 11.9585 11.4015 11.603 12.1719 12.4919 12.077 12.1956 12.2904 12.4326 12.0889 11.7689 12.0889 11.9467 11.9585 12.0059 12.1956 11.9348 12.1007 11.2119 12.16 11.923 11.8874 12.0652 11.8993 12.2548 11.9941 11.6859 11.5911 12.0652 12.1837 11.7807 12.1956 11.8874 
12.1018 11.8109 12.1484 11.9738 11.5898 12.2415 11.4851 12.1716 12.4393 12.4276 11.9156 11.7644 12.0204 12.3811 12.2647 11.7644 11.8109 11.8342 12.0902 12.4393 11.6015 12.0669 11.9389 12.1018 11.904 11.8807 11.8225 11.8691 12.1949 11.7178 11.904 12.1251 11.6829 11.7411 11.9971 11.52 11.648 11.7876 12.0204 11.648 11.8924 11.776 11.8575 11.4967 12.5789 12.1251 12.032 12.4858 11.904 11.8575 
11.9771 11.9429 11.7029 12.1714 11.8057 11.9543 11.4971 11.9543 11.9429 11.76 11.1657 12.3314 12.1829 11.6 12.2514 11.9086 11.9657 11.9543 12.1029 11.68 12.0457 11.76 12.2171 11.8629 11.6 12.4229 12.0343 11.44 12.72 11.9657 11.9429 11.8171 12.16 12.3543 12.1257 11.5657 12.4571 12.0343 11.8286 12.7886 11.44 12.08 11.76 11.7486 12.32 12.7886 12.1257 12.3886 12.0457 12.2743 
12.2274 11.8119 12.1151 12.407 12.1937 12.0028 12.2498 12.16 11.5425 12.3509 12.0477 12.1375 12.3172 11.6772 12.3396 11.8232 11.4975 12.3396 12.0365 11.9018 11.8232 12.553 12.2723 12.1712 12.0702 12.2274 11.9579 11.9018 11.9354 11.7221 12.5418 11.5312 11.9804 12.0028 11.8681 11.8456 12.2274 11.7333 11.8568 11.5649 11.8119 11.8007 12.0814 11.8793 12.1375 11.767 12.2947 12.1263 12.1263 12.3172 
11.7738 11.9503 12.3807 12.16 12.0276 11.9945 11.7959 11.9172 12.171 12.0938 12.6124 11.9503 12.7448 11.5862 11.8621 12.2814 11.7959 11.4207 11.7628 12.6345 11.8069 12.0938 12.16 12.1159 11.9724 12.0386 12.1048 12.2703 11.9945 11.6745 11.531 11.7297 12.1931 11.7517 11.7407 12.1931 12.4138 11.4979 12.2152 11.829 11.9834 11.9062 11.8621 12.4248 12.2814 11.9172 12.2372 11.9614 11.9724 12.3255 
11.8997 12.2359 12.1275 12.4312 12.0407 12.2468 12.4203 11.9973 11.3139 11.9647 11.7695 12.1058 12.3661 11.878 11.9756 11.8454 12.0298 12.2034 12.2685 11.7153 11.8888 12.1275 12.3661 12.1925 12.0515 11.7586 11.7478 11.802 11.4875 12.0949 12.659 11.8563 12.0081 11.8671 11.8671 11.9214 11.7044 12.4637 11.7153 12.2251 11.9647 12.0841 12.301 11.8671 11.9647 12.3444 11.8454 11.9105 12.301 11.52 
11.7867 12.0747 11.9893 12.0853 11.7867 12.16 12.224 12.096 12.0853 11.872 11.84 12.1387 11.8293 12.6293 11.936 12.1067 12.384 12.096 12.128 12.4587 12.224 11.8187 11.7653 11.9573 12.128 12.1707 12.1067 12.5227 12.128 11.904 11.616 11.808 12.0427 11.68 12.0853 11.9893 12 11.712 11.6267 12.6507 11.4773 11.8827 11.9787 12.384 11.712 12.192 11.8933 12.0107 11.8613 12.032 
11.8243 12.6111 12.0866 12.3174 11.9711 11.8557 11.3941 12.0131 11.8138 12.4013 12.2649 12.4748 12.0026 12.6741 12.737 12.4538 11.4046 12.118 12.4957 12.5272 12.2544 11.8243 11.8452 11.6039 12.1075 12.4328 11.7403 11.6459 12.181 11.8767 11.8452 11.8662 12.0761 11.6669 11.7718 11.8557 11.9607 11.6249 12.2649 12.0446 12.4643 11.8767 11.8872 12.0236 11.7508 12.2439 11.7928 12.2649 12.2334 12.1075 
11.8297 11.809 12.1187 12.1187 11.9432 11.8503 11.9535 11.84 12.191 11.9329 12.0465 11.9742 11.6129 12.0981 11.9329 11.871 12.3252 11.9432 12.4387 11.2206 12.1084 11.6852 12.5316 12.0052 11.8606 11.9639 11.6439 11.9639 12.3768 12.3561 12.0258 12.2219 11.871 12.0361 12.0671 11.8297 11.8606 12.5523 12.2013 11.9329 12.1806 11.7471 11.7161 11.8606 12.0155 11.4684 11.9329 11.8813 12.0981 12.191 
11.8959 11.6825 11.7943 11.5606 11.8756 11.5505 11.6013 11.8959 11.9975 12.0686 11.8959 11.8654 12.7187 11.9263 11.9771 12.1498 12.2006 11.8349 12.3835 12.3937 12.0178 12.3225 12.2717 12.0584 12.0178 11.8044 11.713 12.0483 11.9162 12.4851 12.6883 12.1295 11.9873 11.4997 11.7333 11.8349 11.6927 12.1194 11.8756 11.5708 12.2616 11.9873 12.353 11.4083 11.9162 12.0381 12.2514 12.2921 12.0889 12.1194 
11.9 11.68 11.74 11.98 11.93 12.34 12.15 12.01 11.9 11.86 11.79 12.37 11.79 12.13 12.29 12.62 12.19 12.18 12.41 11.85 11.89 12.28 12.41 12.16 12.1 12.34 11.98 12.11 12.36 12.37 12.54 12.02 12.13 12.19 12.43 12.06 12 11.84 12.16 12.28 11.84 12 11.96 12.33 11.92 12.1 11.8 12.04 12.44 11.59 
12.1206 11.9237 11.7169 12.1698 11.9631 12.0615 12.2289 12.0418 11.6086 12.2388 11.1163 11.9729 12.0025 11.7858 12.1009 12.1206 11.6972 11.8055 12.4455 11.9828 12.16 12.2092 11.5594 12.3668 12.0517 12.0911 11.4511 11.8055 12.1797 11.9335 12.5637 11.4117 12.1206 12.1797 12.1403 12.3274 11.5495 11.6874 11.5988 11.6972 12.1009 12.4062 11.9631 12.1206 11.8449 12.1403 12.0123 12.2782 12.3077 11.9532 
11.7527 11.8594 11.6752 12.383 12.3442 12.1212 12.0824 12.3248 11.6752 12.3248 12.0727 12.1406 11.743 11.8691 12.1309 11.937 12.1406 12.16 11.7915 11.7333 11.6558 11.743 12.0533 12.3055 11.2873 12.3733 11.9176 12.2085 12.3152 11.7624 12.1503 12.1212 12.0436 11.7042 12.3636 11.7333 11.8012 11.5879 12.383 12.1891 11.937 11.9467 12.2958 12.2182 11.8497 12.2667 11.6945 12.3345 12.1212 11.7915 
12.2746 12.1122 11.9499 11.8925 12.0358 11.883 11.883 11.8161 12.3893 11.9881 12.3415 12.1791 11.8066 12.1122 11.8257 12.3415 11.7397 11.7301 11.6346 11.7684 12.437 11.6824 11.969 11.9116 11.7684 11.9116 11.9116 11.8257 12.0645 12.0645 11.9212 12.4179 12.074 11.5104 11.6824 12.0263 11.7206 12.16 12.5421 12.1027 12.4752 12.437 12.3319 11.7779 11.9021 11.5964 12.0645 12.2173 12.1122 12.2842 
11.7835 12.2635 11.9247 12.16 11.9435 11.7929 11.9812 11.9153 11.8306 12.0094 11.9812 11.9341 11.9341 11.9812 11.4353 12.2353 12.16 12.3859 11.5482 11.9529 11.8024 12.1412 12.4894 12.1976 12.1694 12.4047 11.8494 12.0565 11.8871 12.0376 12.0753 12.0753 11.9059 11.9529 12.0094 11.7929 11.7929 12.2353 11.9247 11.7929 11.7082 11.5859 11.9341 11.9341 12.0094 11.9624 12.1412 11.8306 12.2824 11.9153 
12.1414 12.0116 11.993 12.16 11.9745 12.0487 12.262 11.8168 11.8817 12.1507 11.9467 12.0487 12.1136 11.9838 11.5571 12.0301 11.7055 12.5217 11.6684 12.0858 12.0209 11.9188 11.6777 11.9745 12.4754 11.993 12.3733 11.7704 12.0301 12.0301 12.4012 11.9838 11.8725 12.0765 12.1971 11.8168 11.7333 11.9188 12.0951 12.0394 12.3826 11.8817 11.622 11.9745 11.9374 12.0394 12.3826 12.6794 11.8632 12.2435 
12.032 11.6846 11.9954 12.5166 11.648 11.8034 12.3703 11.8217 11.8126 12.2423 11.7486 12.1051 11.84 12.1509 12.0777 11.9954 11.9131 11.8766 12.4891 12.4434 11.9131 11.52 11.9406 11.968 11.84 12.1326 12.5989 11.9406 12.1234 11.5291 11.9771 11.4286 12.1051 12.0594 11.904 12.4434 11.8766 11.5017 11.8583 11.776 12.0229 12.0046 12.0503 11.9771 12.3063 11.7669 12.0229 12.0046 12.0137 11.968 
11.6732 11.8265 11.8445 11.7093 12.0789 11.9076 11.7994 11.8085 12.2501 12.1149 12.16 11.7544 11.9527 12.0158 12.2051 12.0699 12.0518 11.6732 11.6732 11.7093 12.133 12.187 11.8806 11.9256 11.9256 11.8355 12.0248 12.3403 11.5651 11.9887 11.7454 11.7003 12.16 12.3944 12.4755 12.2501 11.8175 12.2952 12.5386 11.8715 12.178 11.7814 11.8625 12.4845 11.7363 12.169 12.0518 12.4394 11.7273 11.7904 
12.2844 11.76 11.9644 12.1511 12 11.7333 11.68 11.6533 11.8756 11.8044 11.9111 12.3111 11.92 11.76 11.8844 11.8933 11.8489 12.1422 11.8933 11.6533 11.8667 11.8756 11.9822 12.5067 11.8578 11.5289 11.7333 11.6978 11.9289 11.9111 12.3911 12.1244 12.2311 11.7689 12.1156 12.3378 12.1511 12.1867 12.1333 12.16 12.0978 11.5111 12.0622 11.9022 12.3644 11.9378 12.2489 11.9644 12.2489 11.8222 
12.2126 11.6077 12.1162 11.8532 11.9496 12.3792 11.7216 11.8005 11.7479 12.2389 12.1951 11.8532 11.8619 12.1775 12.0811 12.1951 12.1337 12.1863 11.7479 11.9408 12.1775 11.9058 12.0548 12.0899 12.1951 11.9496 12.3353 11.9847 12.1162 11.8619 12.0022 12.1074 12.046 11.7304 12.0197 11.7216 12.046 11.8181 11.4762 12.4844 11.7392 12.1688 11.9233 11.7655 12.0986 12.2915 12.1337 11.6778 12.0373 11.897 
11.987 11.9784 11.9784 12.2465 11.8832 12.0822 12.013 11.7535 11.5459 12.2638 11.52 12.0476 11.693 12.1686 12.0216 11.9957 11.8573 12.627 11.7622 12.3589 12.5838 12.4281 11.5978 12.0303 12.4454 11.9784 11.7968 12.1686 12.0995 12.2811 11.9178 12.1686 12.0476 12.1859 11.7535 12.2205 11.9178 11.9784 11.9524 12.1341 12.2292 12.1946 12.3762 12.48 11.6584 11.9957 11.7708 12.0476 12.0822 12.2897 
12.2539 11.7248 12.1941 12.2368 11.8357 12.1771 11.7675 11.648 11.9552 11.7077 12.1685 11.9893 12.2539 12.1515 11.8528 11.4688 11.776 11.9723 11.8101 12.032 11.9211 12.0576 12.3648 12.032 12.4416 12.1344 11.8869 12.032 12.0661 12.2624 12.2283 11.392 11.7163 11.8955 11.7419 12.3648 12.0661 12.2539 12.1088 11.8869 11.8187 12.0064 11.9637 11.4944 11.9296 11.7333 11.8101 11.8699 12.2283 11.6907 
12.0084 12.0421 11.8989 11.8737 11.9832 12.0337 12.1684 11.5116 11.9832 12.2611 11.9916 12.2611 12.2611 11.7221 12.0674 11.84 12 11.5958 11.8568 11.8905 12.2863 11.6632 11.7895 12.0421 12.1768 12.3621 11.8653 11.9411 12.0168 11.8232 12.1011 11.9832 12.0589 11.9663 11.8568 12.2274 11.7642 11.5032 11.8147 12.0842 11.8821 11.9747 12.1937 12.2189 11.9495 12.1768 11.9158 12.3116 11.9495 12.1853 
12.1268 11.9273 11.4618 11.7777 11.9439 12.0769 12.0519 12.5174 12.1434 11.7694 11.9938 11.8109 12.0935 11.8691 12.16 11.6945 12.3844 11.4618 11.8774 12.0769 11.894 12.2681 11.6364 11.9023 12.0852 11.5865 12.0935 11.5449 12.1766 12.0436 12.1101 11.9605 11.7444 11.4286 11.9771 11.9273 12.3345 11.7361 11.9439 11.6613 12.1268 12.1434 11.4618 12.3595 12.3262 11.8525 11.8442 12.1849 12.0769 12.2847 
11.9549 12.0862 11.799 12.0779 11.9795 12.6851 11.9795 12.1436 11.8482 12.0615 11.9056 11.9549 11.9056 12.0369 12.3159 11.7826 12.0944 11.9385 12.0123 12.4062 12.2749 11.7826 11.8154 11.8564 11.4297 11.9385 12.2421 11.7169 12.0779 12.1682 11.9056 12.0123 11.9795 12.0944 11.9549 11.9385 11.7333 12.0862 11.881 12.3241 11.7662 11.7826 11.9138 11.6103 11.4215 11.9056 12.16 11.6267 11.9549 11.8728 
11.6091 11.7468 12.322 12.0385 12.1357 11.9332 11.8278 11.9089 11.8116 12.322 11.7711 12.2086 11.6334 12.3625 12.1195 12.2329 12.0223 11.8441 12.2248 11.7144 12.1681 11.917 11.6658 11.8846 12.2005 11.9089 12.1195 11.8846 11.7063 12.1195 12.1438 12.2248 12.0142 11.8116 11.7468 12.3625 12.16 12.1276 11.8765 11.601 12.4111 12.16 11.7468 12.1843 11.7954 12.1681 11.9332 11.9332 12.4841 11.6982 
11.92 11.872 11.832 12.24 11.712 12.112 11.84 11.624 12.512 12.04 12 11.808 11.872 11.696 11.88 12.312 12.072 12.36 11.688 11.928 12.12 12.088 12.04 12.112 12.104 12.04 12.76 12.12 12.104 11.784 12.528 11.864 11.848 11.616 12.008 11.944 11.96 11.864 11.512 11.832 11.92 12.504 11.888 11.904 12.04 12.288 11.912 12.248 11.856 12.112 
12.1758 12.0652 11.9309 11.4884 11.6148 12.1916 12.1284 11.8202 11.8677 12.3259 11.836 12.4998 11.6938 12.0494 12.0968 12.0573 12.4286 12.1442 12.3733 11.599 12.1442 12.0178 11.7096 12.3496 12.5156 12.1521 11.7491 12.1205 11.7965 11.7096 12.2311 12.0178 11.844 12.0336 12.1047 12.3654 12.002 11.4726 12.4365 11.7886 11.3936 12.081 11.7412 12.1047 12.2548 12.239 12.1995 12.397 11.5595 12.3022 
11.7541 12.2068 12.0429 12.0898 11.8556 11.9259 12.2615 11.9571 12.2849 11.9259 12.1288 11.8556 11.8556 12.4488 11.8244 12.4332 12.1912 11.7385 12.2771 12.199 12.3395 11.9337 12.0663 11.9727 11.9259 12.6361 11.7854 12.0741 12.0585 11.8322 11.8712 12.0273 12.3551 11.9961 11.8634 12.238 12.1132 12.1366 12.2459 12.1366 11.9649 12.238 11.9415 12.2146 12.2771 12.1444 12.3395 11.7698 11.5044 12.2849 
12.1677 11.6511 12.0752 12.1214 11.7513 12.268 12.0598 11.9518 11.6742 11.9904 11.9287 12.0289 11.8747 11.3195 11.9441 11.9672 12.2525 11.6357 11.9287 12.106 12.0829 11.8901 12.0058 12.2217 12.0212 12.0135 12.1523 11.9441 11.9287 12.3373 11.8978 12.0135 12.2525 12.1677 11.7282 11.7205 12.16 12.0289 12.2217 12.2217 11.6434 11.9364 12.2834 12.0058 12.2911 11.7513 11.867 12.1523 12.2911 11.6434 
11.939 12.0229 11.7562 12.4495 11.7029 11.9543 11.421 12.3429 11.9238 11.741 11.8019 12.259 11.7333 12.0838 11.939 12.5105 12.259 11.7943 11.5962 12.3505 12.0381 12.2895 11.779 11.9619 12.3429 11.9162 11.6571 12.2362 11.9086 12.1143 11.8476 11.8705 12.221 11.7638 12.1295 11.8629 11.9619 11.7562 11.4819 11.9924 12.1143 12.0533 12.0229 12.1981 11.8324 12.0457 12.0533 11.8476 11.7257 11.8629 
11.8664 12.1525 11.9567 12.3934 12.1449 11.9191 11.8061 11.7835 12.416 11.5727 11.6104 12.16 11.7835 12.3256 12.4461 12.1976 11.7609 11.9567 11.9868 12.1525 11.9642 12.0621 11.9115 12.1525 11.4748 11.7534 11.4974 12.4913 12.4612 12.0696 12.2353 11.8287 12.1299 11.8513 12.6569 12.0998 12.0245 12.2654 12.0772 12.2654 11.4748 11.9944 12.0546 12.1073 12.0696 12.1751 12.2955 12.1073 11.9341 12.2353 
11.7953 12.1972 12.5172 11.654 11.9219 11.974 11.8772 12.1079 11.9144 11.7656 12.1674 11.5795 12.0707 11.6986 11.4233 12.0409 12.3907 11.6391 11.7656 12.4205 11.9665 11.8028 11.8995 12.3237 11.8549 11.8102 11.9219 11.9293 11.773 12.4726 11.8474 12.1898 11.7656 12.4577 11.587 12.1749 11.7358 11.8698 12.413 12.2419 12.1823 12.0186 12.0558 12.3907 11.773 12.0037 11.974 11.8474 11.5944 12.1451 
12.2703 12.1453 11.932 12.2703 11.6524 12.469 12.2336 12.1085 11.8952 11.726 11.6156 11.6745 11.8584 11.932 11.6009 11.9172 12.057 11.9614 12.1821 11.6892 11.9099 11.954 12.1085 11.8878 11.7039 12.3071 11.6966 12.4175 12.0938 11.6966 12.4101 11.9246 12.3586 12.3439 12.2115 12.1379 11.7775 12.1747 12.1011 11.9687 11.9099 12.4984 11.8069 12.1232 12.366 11.726 11.8584 12.0938 12.057 11.4611 
11.9782 11.9564 12.16 12.4145 12.0436 11.92 12.5382 12.1018 12.2982 12.1818 12.1382 11.9927 12.0145 11.8764 11.8982 11.9345 11.8473 11.8982 12.48 12.2836 11.6945 11.76 12.2327 12.0218 12.0727 12.08 12.0073 12.1309 11.6145 12.1018 11.6436 11.8836 12.08 12.1964 11.76 12.16 12.2545 11.7818 11.6655 11.3309 11.8109 12.3273 11.8909 12.1018 11.8545 11.6655 11.8764 11.9636 12.2327 11.9055 
11.7285 11.8076 12.1456 12.1456 11.973 11.9083 12.0593 12.1312 11.7213 11.9874 12.0737 12.0953 12.0306 11.7933 11.9802 11.707 12.1025 11.9874 12.2175 11.9155 11.9011 12.1528 11.8939 11.6135 12.4836 12.0234 12.2175 12.2822 11.9083 12.2751 12.0378 11.9587 12.3254 11.8796 12.0593 11.8076 12.1097 11.556 11.7429 11.8436 11.8939 11.8724 11.8292 11.671 12.009 12.0018 11.5703 11.8939 12.0809 12.2535 
11.904 11.8613 12.1031 12.16 12.1742 12.0178 11.9964 11.776 12.1031 11.8187 11.9467 12.0604 11.7404 11.4347 11.7902 12.1173 11.9609 11.6267 11.392 11.6409 12.1387 11.9609 12.0391 11.7689 11.7476 12.2027 12.288 12.224 12.2453 12.0533 12.0676 11.8756 11.9324 11.7404 11.968 12.1387 12.0462 12.0036 11.9609 11.4844 11.8542 11.7262 11.6836 12.0249 12.2738 12.1742 12.2098 11.7902 11.9111 12.6364 
12.1037 11.6185 11.4708 12.2585 12.0545 12.1037 11.8435 11.9138 11.8576 12.167 12.1741 11.6958 11.9138 12.2655 12.0545 11.8435 12.0826 12.2796 11.949 11.9771 12.3851 12.3499 12.0756 11.9349 12.2725 12.3358 12.0264 11.8857 12.2514 11.9912 11.7943 12.1108 11.949 11.9068 12.3569 11.9279 12.1459 11.9068 11.6044 12.0123 11.8927 12.0756 11.9209 12.0475 12.6312 11.6185 12.4343 12.0053 12.2796 12.3851 
11.4783 12.0487 12.0417 12.2365 11.7217 12.0417 11.847 11.9374 12.2574 12.0835 12.0417 11.7704 11.9304 11.833 11.9861 11.8191 11.6035 11.8748 12.0209 11.7496 12.2922 12.0626 11.847 12.1739 11.673 12.2574 11.68 12.0765 11.9722 12.1948 11.993 12.153 11.8887 12.3965 12.167 11.6035 12.1252 12.0348 12.2226 12.2783 11.9791 12.5774 12.0209 11.9443 12.0209 12.1113 12.1461 12.1322 12.2574 11.5757 
12.0499 12.1256 12.0361 11.9673 11.9467 12.3252 12.0155 12.1394 12.4215 12.2013 12.1394 11.8641 12.0017 11.8434 11.5819 11.7815 11.9398 11.6714 11.8847 12.1875 12.0774 12.3183 12.3665 12.0086 12.043 12.2701 12.0292 11.9811 12.3802 11.926 12.0774 11.9329 11.9811 12.5729 11.9467 11.8778 12.0843 11.9535 11.9054 11.8778 11.7884 11.9054 12.0155 12.1256 12.1187 11.9054 12.0981 12.3252 12.1256 11.9811 
11.9626 11.8809 11.8604 11.7515 11.9489 12.1532 12.0306 12.2757 12.1668 12.0443 12.126 12.1055 12.3711 11.8264 11.9898 12.2485 11.874 12.0102 12.2145 11.7991 12.6843 11.8604 11.9353 11.874 12.0511 12.1464 12.1396 11.8536 12.0647 12.126 11.9353 12.2213 11.9694 12.4391 11.9966 11.9626 12.1736 11.7855 11.8877 12.2009 11.84 12.2417 11.4451 11.5745 12.0443 11.6902 11.9966 12.1532 12.2077 11.4247 
12.032 11.8771 12.0792 12.1331 11.8636 11.9579 11.3718 11.9444 11.6749 11.7625 12.2341 12.1331 12.0657 12.1802 12.0051 11.9646 12.1735 11.8366 11.6952 11.8029 11.6682 12.3352 12.3554 12.0522 11.8366 11.7491 12.416 11.9714 11.5537 11.6345 12.0994 12.6518 11.9444 11.8703 11.6413 12.1667 11.7154 12.0387 12.0926 11.9848 11.9983 11.8097 11.9714 12.1128 11.6615 11.776 12.0724 11.9781 11.8838 11.9175 
12.2467 12.3267 12.1267 12.0467 11.82 12.28 11.7267 11.9533 11.8733 11.8667 12.1733 11.8133 12.6067 12.1333 12.18 11.5733 11.9867 12.16 11.7733 11.9133 11.7667 11.84 12.0067 11.96 11.6733 12.0533 11.7467 11.76 11.9867 11.9867 12.1933 11.8733 12.3 12.14 11.9267 12 12.3267 12.3733 11.8 12.2133 11.84 11.98 12.0933 12.1267 12.22 12.0133 11.72 12.1133 11.6133 11.8467 
11.6652 11.9621 12.2986 11.9687 11.9225 12.16 12.5031 11.9027 11.8829 11.9753 11.9753 12.1006 11.6388 11.8697 11.7509 12.0412 12.0082 11.9687 12.4041 11.8829 12.1864 12.0808 12.1138 11.9225 11.4672 12.0346 12.0676 11.6718 12.2656 11.8499 11.9489 12.0148 12.2194 12.2458 11.1703 12.2392 11.9225 11.9423 11.7509 11.9159 12.2392 11.8829 11.8829 12.0544 12.2788 11.8631 12.4701 12.1798 12.3579 11.8697 
12.0816 12.3363 11.8661 12.0359 12.4343 11.8792 11.9053 11.7486 11.9445 11.8465 11.5135 11.4547 12.3298 11.7355 12.062 11.7812 11.742 12.1078 12.1273 11.8269 12.0947 11.9053 12.1992 12.0033 11.951 11.8269 11.5788 12.0816 12.2514 11.3176 11.9118 12.258 11.9771 11.84 11.8661 12.0424 11.8857 11.8269 12.1273 12.0882 12.1796 12.1273 11.5265 12.2971 12.1012 12.2776 12.3167 11.9118 11.6049 12.049 
12.0113 11.8691 11.9984 12.0501 12.1859 11.9984 11.8432 12.1923 11.9273 11.701 11.7075 11.9467 11.7592 12.1147 12.0954 11.8368 11.7463 12.3669 11.8303 12.3022 12.1083 11.7269 11.7851 11.617 11.9855 12.0954 12.0307 12.4638 12.3216 12.0566 11.6752 12.1988 11.8174 11.5588 11.9402 11.7786 12.244 11.8303 12.1535 11.798 12.16 12.0436 12.0695 11.9725 11.9273 12.2053 12.0501 12.0954 11.882 12.3216 
11.7184 12.1216 11.5008 11.9168 12.1856 11.6224 11.968 11.936 11.9616 12.3456 11.9808 12.2944 11.8336 11.648 11.9936 12 12.3712 12.4032 12.2432 12.1024 12.4224 11.8592 11.9552 11.968 12.1152 11.7504 12.3072 11.872 11.9424 11.9168 12.0128 12.3648 12.32 12.256 12.1856 11.8912 11.9616 12.2816 11.7248 11.7504 12.2496 11.904 11.7568 11.7632 11.9936 11.84 11.9232 11.904 12.0448 12.0192 
