0.16 0.08 0.16 0.16 0.16 0.4 0.16 0.24 0.08 0.08 0.16 0.24 0.32 0.24 0.24 0 0.16 0.16 0.24 0.08 0.24 0.08 0.08 0.16 0 0.16 0 0.16 0.24 0.16 0.16 0.16 0.16 0.32 0.16 0.32 0.08 0.16 0.08 0.16 0.24 0.24 0.16 0.56 0.24 0.24 0.24 0.16 0.08 0.16 
0.2 0.24 0.08 0.12 0.16 0.2 0.04 0.28 0.24 0.08 0.36 0.2 0.08 0.32 0.08 0.12 0.16 0.24 0.32 0.4 0.16 0.12 0.28 0.24 0.16 0.08 0.08 0.36 0.2 0.16 0.04 0.2 0.24 0.12 0.08 0.24 0.32 0.24 0.16 0.4 0.4 0.2 0.16 0.16 0.08 0.2 0.2 0.36 0.12 0.44 
0.0533333 0.16 0.16 0.32 0.266667 0.213333 0.16 0.133333 0.16 0.266667 0.213333 0.186667 0.213333 0.266667 0.213333 0.16 0.16 0.186667 0.266667 0.213333 0.293333 0.186667 0.133333 0.24 0.106667 0.106667 0.16 0.213333 0.16 0.213333 0.133333 0.133333 0.24 0.346667 0.16 0.106667 0.24 0.16 0.24 0.08 0.24 0.293333 0.133333 0.186667 0.106667 0.213333 0.32 0.266667 0.186667 0.24 
0.26 0.28 0.22 0.26 0.4 0.2 0.2 0.22 0.22 0.22 0.2 0.28 0.22 0.16 0.22 0.14 0.14 0.26 0.2 0.28 0.18 0.18 0.12 0.1 0.12 0.16 0.28 0.24 0.22 0.2 0.18 0.14 0.24 0.16 0.24 0.28 0.18 0.3 0.2 0.28 0.22 0.2 0.12 0.2 0.14 0.16 0.2 0.18 0.16 0.16 
0.176 0.224 0.208 0.288 0.256 0.256 0.128 0.16 0.24 0.224 0.192 0.128 0.192 0.144 0.32 0.144 0.16 0.16 0.208 0.272 0.144 0.272 0.208 0.176 0.208 0.208 0.176 0.272 0.224 0.192 0.16 0.176 0.208 0.208 0.24 0.144 0.128 0.16 0.224 0.176 0.256 0.208 0.304 0.304 0.144 0.16 0.208 0.176 0.112 0.288 
0.226667 0.186667 0.253333 0.2 0.28 0.24 0.2 0.28 0.133333 0.173333 0.2 0.306667 0.24 0.226667 0.146667 0.0933333 0.133333 0.2 0.28 0.173333 0.173333 0.24 0.213333 0.213333 0.28 0.2 0.173333 0.173333 0.186667 0.133333 0.186667 0.226667 0.173333 0.213333 0.213333 0.146667 0.266667 0.146667 0.24 0.186667 0.253333 0.16 0.173333 0.146667 0.226667 0.12 0.146667 0.146667 0.173333 0.2 
0.251429 0.148571 0.194286 0.205714 0.182857 0.16 0.228571 0.16 0.102857 0.262857 0.217143 0.125714 0.285714 0.194286 0.194286 0.182857 0.171429 0.205714 0.182857 0.125714 0.148571 0.182857 0.342857 0.0571429 0.148571 0.205714 0.125714 0.228571 0.137143 0.24 0.251429 0.205714 0.137143 0.16 0.24 0.228571 0.171429 0.217143 0.125714 0.148571 0.228571 0.205714 0.262857 0.228571 0.262857 0.274286 0.182857 0.194286 0.182857 0.194286 
0.22 0.26 0.11 0.14 0.26 0.23 0.22 0.19 0.16 0.18 0.2 0.2 0.18 0.21 0.2 0.16 0.15 0.22 0.25 0.28 0.21 0.15 0.23 0.19 0.21 0.25 0.17 0.17 0.2 0.25 0.16 0.15 0.26 0.26 0.23 0.17 0.17 0.21 0.18 0.24 0.22 0.22 0.15 0.29 0.14 0.19 0.13 0.19 0.26 0.24 
0.195556 0.222222 0.195556 0.204444 0.231111 0.24 0.186667 0.257778 0.186667 0.248889 0.177778 0.177778 0.168889 0.168889 0.195556 0.16 0.231111 0.257778 0.231111 0.168889 0.257778 0.168889 0.195556 0.168889 0.231111 0.133333 0.213333 0.186667 0.177778 0.151111 0.231111 0.0888889 0.186667 0.177778 0.151111 0.231111 0.142222 0.275556 0.213333 0.257778 0.222222 0.124444 0.168889 0.248889 0.222222 0.24 0.266667 0.222222 0.124444 0.168889 
0.232 0.24 0.168 0.216 0.168 0.152 0.152 0.224 0.176 0.2 0.136 0.24 0.184 0.232 0.232 0.16 0.224 0.152 0.24 0.176 0.176 0.216 0.208 0.144 0.136 0.248 0.192 0.192 0.184 0.184 0.256 0.24 0.184 0.216 0.176 0.296 0.296 0.208 0.216 0.216 0.192 0.256 0.232 0.208 0.24 0.16 0.2 0.208 0.2 0.152 
0.218182 0.167273 0.138182 0.276364 0.218182 0.196364 0.247273 0.167273 0.181818 0.210909 0.24 0.225455 0.116364 0.232727 0.225455 0.225455 0.203636 0.312727 0.210909 0.174545 0.167273 0.24 0.174545 0.167273 0.16 0.196364 0.189091 0.196364 0.189091 0.232727 0.145455 0.203636 0.225455 0.218182 0.181818 0.130909 0.189091 0.290909 0.232727 0.24 0.152727 0.189091 0.203636 0.210909 0.196364 0.181818 0.210909 0.16 0.276364 0.210909 
0.14 0.22 0.206667 0.14 0.193333 0.22 0.186667 0.246667 0.16 0.2 0.233333 0.126667 0.226667 0.166667 0.206667 0.18 0.22 0.24 0.173333 0.206667 0.166667 0.2 0.22 0.24 0.18 0.206667 0.253333 0.18 0.233333 0.153333 0.146667 0.206667 0.153333 0.213333 0.246667 0.233333 0.173333 0.2 0.253333 0.226667 0.2 0.213333 0.246667 0.166667 0.173333 0.226667 0.213333 0.206667 0.133333 0.246667 
0.190769 0.172308 0.178462 0.196923 0.209231 0.166154 0.178462 0.209231 0.221538 0.215385 0.196923 0.221538 0.172308 0.233846 0.215385 0.209231 0.196923 0.147692 0.203077 0.196923 0.190769 0.264615 0.184615 0.221538 0.252308 0.178462 0.184615 0.221538 0.196923 0.283077 0.203077 0.24 0.203077 0.215385 0.184615 0.264615 0.252308 0.190769 0.141538 0.190769 0.233846 0.227692 0.227692 0.252308 0.141538 0.209231 0.203077 0.203077 0.227692 0.24 
0.142857 0.165714 0.217143 0.28 0.234286 0.194286 0.205714 0.205714 0.245714 0.171429 0.16 0.171429 0.222857 0.205714 0.188571 0.177143 0.16 0.182857 0.2 0.205714 0.228571 0.217143 0.24 0.205714 0.194286 0.205714 0.182857 0.262857 0.205714 0.234286 0.194286 0.2 0.228571 0.234286 0.2 0.251429 0.222857 0.251429 0.154286 0.188571 0.234286 0.165714 0.165714 0.234286 0.154286 0.194286 0.211429 0.217143 0.188571 0.217143 
0.202667 0.266667 0.224 0.186667 0.202667 0.197333 0.202667 0.192 0.154667 0.229333 0.234667 0.213333 0.224 0.250667 0.197333 0.154667 0.186667 0.213333 0.234667 0.208 0.202667 0.165333 0.224 0.165333 0.218667 0.229333 0.176 0.224 0.165333 0.170667 0.16 0.234667 0.256 0.197333 0.197333 0.165333 0.245333 0.229333 0.208 0.250667 0.234667 0.165333 0.144 0.24 0.165333 0.154667 0.202667 0.154667 0.24 0.234667 
0.185 0.165 0.23 0.195 0.22 0.2 0.185 0.19 0.185 0.195 0.17 0.17 0.22 0.19 0.225 0.2 0.225 0.195 0.165 0.235 0.2 0.195 0.175 0.165 0.195 0.165 0.225 0.165 0.21 0.21 0.225 0.205 0.195 0.19 0.225 0.235 0.205 0.18 0.22 0.145 0.185 0.18 0.21 0.16 0.22 0.18 0.16 0.195 0.165 0.195 
0.192941 0.202353 0.183529 0.197647 0.197647 0.216471 0.192941 0.178824 0.192941 0.192941 0.169412 0.225882 0.169412 0.192941 0.169412 0.164706 0.24 0.216471 0.164706 0.188235 0.221176 0.202353 0.192941 0.131765 0.216471 0.141176 0.230588 0.216471 0.197647 0.202353 0.202353 0.192941 0.249412 0.254118 0.197647 0.207059 0.188235 0.197647 0.207059 0.216471 0.169412 0.230588 0.16 0.202353 0.150588 0.235294 0.164706 0.197647 0.178824 0.216471 
0.222222 0.177778 0.213333 0.204444 0.213333 0.204444 0.24 0.208889 0.173333 0.257778 0.231111 0.191111 0.226667 0.235556 0.182222 0.213333 0.182222 0.217778 0.235556 0.208889 0.151111 0.266667 0.235556 0.235556 0.204444 0.253333 0.2 0.186667 0.2 0.182222 0.168889 0.2 0.204444 0.182222 0.231111 0.195556 0.177778 0.173333 0.2 0.217778 0.226667 0.173333 0.2 0.146667 0.164444 0.177778 0.208889 0.222222 0.182222 0.213333 
0.206316 0.218947 0.202105 0.189474 0.181053 0.185263 0.214737 0.181053 0.210526 0.206316 0.244211 0.202105 0.155789 0.176842 0.193684 0.210526 0.252632 0.227368 0.210526 0.218947 0.197895 0.231579 0.227368 0.286316 0.248421 0.143158 0.181053 0.197895 0.168421 0.218947 0.231579 0.16 0.168421 0.206316 0.164211 0.176842 0.202105 0.218947 0.164211 0.24 0.193684 0.197895 0.227368 0.164211 0.181053 0.277895 0.214737 0.24 0.168421 0.202105 
0.16 0.192 0.212 0.188 0.172 0.228 0.252 0.168 0.152 0.164 0.2 0.172 0.184 0.136 0.232 0.164 0.16 0.188 0.168 0.184 0.204 0.188 0.196 0.212 0.18 0.252 0.236 0.2 0.204 0.16 0.168 0.208 0.208 0.232 0.236 0.16 0.188 0.232 0.168 0.216 0.196 0.196 0.264 0.248 0.2 0.188 0.264 0.164 0.208 0.2 
0.255238 0.175238 0.179048 0.228571 0.171429 0.148571 0.182857 0.194286 0.232381 0.186667 0.259048 0.213333 0.217143 0.217143 0.182857 0.16 0.198095 0.201905 0.182857 0.167619 0.148571 0.205714 0.201905 0.194286 0.16381 0.209524 0.213333 0.224762 0.213333 0.182857 0.194286 0.171429 0.213333 0.16 0.175238 0.201905 0.198095 0.186667 0.167619 0.144762 0.228571 0.194286 0.198095 0.201905 0.201905 0.186667 0.15619 0.182857 0.175238 0.224762 
0.229091 0.2 0.218182 0.181818 0.229091 0.214545 0.196364 0.145455 0.196364 0.221818 0.167273 0.170909 0.16 0.196364 0.174545 0.207273 0.196364 0.254545 0.229091 0.236364 0.174545 0.189091 0.210909 0.192727 0.185455 0.196364 0.243636 0.221818 0.178182 0.203636 0.203636 0.207273 0.170909 0.225455 0.247273 0.24 0.167273 0.174545 0.247273 0.24 0.221818 0.210909 0.163636 0.210909 0.203636 0.178182 0.185455 0.181818 0.185455 0.218182 
0.173913 0.24 0.187826 0.18087 0.16 0.243478 0.184348 0.201739 0.177391 0.212174 0.149565 0.156522 0.226087 0.166957 0.173913 0.173913 0.177391 0.201739 0.215652 0.229565 0.208696 0.215652 0.156522 0.198261 0.201739 0.173913 0.208696 0.170435 0.173913 0.170435 0.194783 0.173913 0.198261 0.21913 0.233043 0.208696 0.191304 0.253913 0.212174 0.205217 0.243478 0.187826 0.170435 0.142609 0.156522 0.187826 0.205217 0.198261 0.18087 0.208696 
0.173333 0.216667 0.176667 0.176667 0.203333 0.263333 0.186667 0.18 0.19 0.193333 0.18 0.186667 0.19 0.233333 0.18 0.213333 0.2 0.203333 0.203333 0.183333 0.2 0.2 0.193333 0.18 0.206667 0.233333 0.203333 0.173333 0.213333 0.223333 0.216667 0.186667 0.193333 0.19 0.173333 0.206667 0.196667 0.193333 0.19 0.213333 0.213333 0.19 0.233333 0.193333 0.16 0.226667 0.196667 0.17 0.166667 0.163333 
0.2304 0.2464 0.1824 0.1728 0.2624 0.1664 0.2048 0.2144 0.2176 0.2208 0.2048 0.1824 0.1824 0.2016 0.208 0.1984 0.1824 0.2496 0.2144 0.1664 0.2048 0.2272 0.2048 0.1824 0.1728 0.2176 0.2112 0.2272 0.2208 0.224 0.2048 0.1888 0.1856 0.1664 0.2144 0.224 0.2144 0.2144 0.1536 0.2208 0.2432 0.2016 0.24 0.192 0.1568 0.1728 0.208 0.1728 0.288 0.2048 
0.181538 0.181538 0.227692 0.184615 0.215385 0.212308 0.135385 0.181538 0.153846 0.209231 0.2 0.212308 0.178462 0.212308 0.203077 0.193846 0.181538 0.178462 0.212308 0.218462 0.184615 0.181538 0.218462 0.227692 0.212308 0.206154 0.236923 0.203077 0.24 0.184615 0.218462 0.16 0.209231 0.196923 0.187692 0.212308 0.2 0.196923 0.178462 0.203077 0.138462 0.190769 0.212308 0.209231 0.196923 0.2 0.203077 0.196923 0.187692 0.206154 
0.225185 0.177778 0.168889 0.198519 0.201481 0.231111 0.234074 0.219259 0.204444 0.171852 0.207407 0.18963 0.237037 0.151111 0.174815 0.171852 0.192593 0.213333 0.21037 0.231111 0.21037 0.216296 0.272593 0.192593 0.186667 0.222222 0.213333 0.204444 0.207407 0.192593 0.192593 0.198519 0.18963 0.18963 0.198519 0.183704 0.183704 0.21037 0.174815 0.162963 0.21037 0.177778 0.192593 0.180741 0.237037 0.225185 0.201481 0.234074 0.213333 0.234074 
0.237143 0.171429 0.194286 0.185714 0.18 0.18 0.162857 0.205714 0.177143 0.194286 0.211429 0.202857 0.185714 0.202857 0.188571 0.225714 0.18 0.2 0.194286 0.222857 0.214286 0.202857 0.197143 0.245714 0.217143 0.171429 0.2 0.171429 0.217143 0.191429 0.165714 0.217143 0.205714 0.217143 0.188571 0.214286 0.214286 0.191429 0.211429 0.202857 0.211429 0.194286 0.208571 0.217143 0.214286 0.22 0.231429 0.202857 0.142857 0.231429 
0.223448 0.17931 0.212414 0.182069 0.212414 0.165517 0.215172 0.165517 0.215172 0.223448 0.217931 0.215172 0.206897 0.187586 0.212414 0.204138 0.171034 0.148966 0.190345 0.215172 0.193103 0.190345 0.162759 0.231724 0.201379 0.253793 0.206897 0.168276 0.237241 0.195862 0.182069 0.198621 0.176552 0.204138 0.204138 0.228966 0.231724 0.226207 0.157241 0.206897 0.16 0.204138 0.215172 0.198621 0.228966 0.184828 0.215172 0.223448 0.209655 0.190345 
0.221333 0.205333 0.184 0.253333 0.194667 0.237333 0.205333 0.224 0.197333 0.208 0.186667 0.176 0.218667 0.232 0.2 0.149333 0.208 0.197333 0.136 0.192 0.208 0.213333 0.229333 0.202667 0.181333 0.184 0.170667 0.205333 0.208 0.202667 0.194667 0.192 0.216 0.192 0.224 0.210667 0.16 0.216 0.221333 0.205333 0.192 0.24 0.192 0.176 0.232 0.184 0.197333 0.173333 0.192 0.248 
0.154839 0.209032 0.214194 0.170323 0.20129 0.245161 0.180645 0.20129 0.193548 0.19871 0.221935 0.214194 0.219355 0.221935 0.214194 0.185806 0.232258 0.221935 0.185806 0.183226 0.170323 0.206452 0.175484 0.183226 0.219355 0.19871 0.175484 0.188387 0.219355 0.172903 0.216774 0.165161 0.193548 0.206452 0.196129 0.196129 0.20129 0.216774 0.203871 0.20129 0.227097 0.224516 0.209032 0.178065 0.203871 0.19871 0.229677 0.227097 0.234839 0.219355 
0.2125 0.19 0.205 0.185 0.1875 0.1975 0.1875 0.21 0.2225 0.205 0.185 0.2025 0.15 0.155 0.225 0.215 0.16 0.2075 0.2175 0.22 0.185 0.2 0.2425 0.19 0.225 0.225 0.1875 0.175 0.235 0.165 0.17 0.2325 0.23 0.22 0.17 0.2125 0.235 0.205 0.2225 0.195 0.1925 0.1975 0.1875 0.225 0.2075 0.2175 0.225 0.18 0.2025 0.185 
0.208485 0.237576 0.184242 0.22303 0.16 0.191515 0.198788 0.174545 0.201212 0.164848 0.172121 0.232727 0.191515 0.201212 0.203636 0.174545 0.167273 0.186667 0.210909 0.174545 0.181818 0.24 0.198788 0.181818 0.230303 0.191515 0.189091 0.189091 0.225455 0.210909 0.201212 0.215758 0.208485 0.210909 0.213333 0.206061 0.189091 0.179394 0.213333 0.220606 0.184242 0.189091 0.218182 0.208485 0.198788 0.196364 0.198788 0.215758 0.225455 0.196364 
0.167059 0.251765 0.204706 0.190588 0.181176 0.204706 0.214118 0.169412 0.16 0.230588 0.181176 0.181176 0.232941 0.214118 0.211765 0.228235 0.2 0.174118 0.174118 0.202353 0.188235 0.190588 0.195294 0.197647 0.16 0.209412 0.209412 0.204706 0.209412 0.174118 0.204706 0.169412 0.181176 0.176471 0.249412 0.218824 0.223529 0.185882 0.237647 0.221176 0.218824 0.265882 0.204706 0.216471 0.181176 0.185882 0.202353 0.207059 0.185882 0.207059 
0.187429 0.203429 0.201143 0.192 0.198857 0.189714 0.24 0.198857 0.192 0.233143 0.205714 0.251429 0.187429 0.210286 0.182857 0.196571 0.212571 0.246857 0.205714 0.176 0.210286 0.192 0.205714 0.169143 0.182857 0.173714 0.228571 0.210286 0.194286 0.212571 0.205714 0.201143 0.194286 0.212571 0.196571 0.169143 0.210286 0.219429 0.212571 0.203429 0.210286 0.233143 0.194286 0.237714 0.189714 0.212571 0.212571 0.203429 0.176 0.171429 
0.22 0.164444 0.188889 0.173333 0.197778 0.208889 0.217778 0.213333 0.166667 0.22 0.186667 0.177778 0.166667 0.2 0.186667 0.153333 0.177778 0.175556 0.222222 0.177778 0.175556 0.184444 0.202222 0.202222 0.206667 0.16 0.228889 0.193333 0.202222 0.215556 0.153333 0.202222 0.208889 0.231111 0.226667 0.18 0.197778 0.184444 0.182222 0.224444 0.226667 0.184444 0.173333 0.162222 0.182222 0.193333 0.211111 0.235556 0.215556 0.22 
0.20973 0.183784 0.188108 0.205405 0.218378 0.218378 0.207568 0.20973 0.20973 0.224865 0.227027 0.255135 0.216216 0.196757 0.170811 0.218378 0.175135 0.183784 0.183784 0.183784 0.20973 0.185946 0.194595 0.196757 0.207568 0.205405 0.177297 0.203243 0.201081 0.172973 0.211892 0.233514 0.205405 0.177297 0.237838 0.227027 0.188108 0.211892 0.188108 0.177297 0.188108 0.203243 0.192432 0.201081 0.231351 0.218378 0.20973 0.211892 0.153514 0.20973 
0.189474 0.174737 0.204211 0.202105 0.214737 0.172632 0.181053 0.168421 0.195789 0.193684 0.176842 0.210526 0.187368 0.2 0.233684 0.172632 0.197895 0.210526 0.193684 0.181053 0.227368 0.204211 0.174737 0.216842 0.206316 0.195789 0.168421 0.24 0.208421 0.185263 0.216842 0.206316 0.178947 0.187368 0.229474 0.24 0.183158 0.185263 0.210526 0.191579 0.204211 0.225263 0.212632 0.181053 0.214737 0.176842 0.210526 0.183158 0.204211 0.227368 
0.192821 0.190769 0.215385 0.192821 0.190769 0.235897 0.209231 0.217436 0.207179 0.211282 0.205128 0.198974 0.153846 0.174359 0.211282 0.22359 0.17641 0.203077 0.213333 0.157949 0.196923 0.198974 0.182564 0.225641 0.205128 0.229744 0.194872 0.182564 0.162051 0.205128 0.178462 0.209231 0.198974 0.205128 0.215385 0.213333 0.16 0.190769 0.213333 0.194872 0.207179 0.215385 0.217436 0.205128 0.211282 0.182564 0.203077 0.192821 0.225641 0.219487 
0.232 0.206 0.234 0.202 0.202 0.212 0.2 0.2 0.198 0.19 0.174 0.22 0.182 0.206 0.172 0.172 0.196 0.216 0.182 0.164 0.186 0.212 0.222 0.202 0.192 0.232 0.204 0.192 0.204 0.22 0.178 0.2 0.216 0.184 0.184 0.214 0.208 0.194 0.152 0.212 0.162 0.214 0.232 0.202 0.198 0.19 0.2 0.184 0.238 0.216 
0.195122 0.195122 0.183415 0.17561 0.195122 0.204878 0.22439 0.189268 0.173659 0.169756 0.185366 0.179512 0.171707 0.204878 0.185366 0.204878 0.204878 0.202927 0.206829 0.212683 0.195122 0.210732 0.212683 0.226341 0.218537 0.206829 0.189268 0.216585 0.202927 0.214634 0.204878 0.183415 0.214634 0.195122 0.204878 0.16 0.187317 0.195122 0.22439 0.238049 0.200976 0.195122 0.206829 0.204878 0.202927 0.187317 0.187317 0.17561 0.185366 0.185366 
0.184762 0.192381 0.192381 0.190476 0.188571 0.173333 0.186667 0.207619 0.215238 0.209524 0.16381 0.192381 0.234286 0.207619 0.142857 0.184762 0.219048 0.188571 0.171429 0.211429 0.19619 0.222857 0.209524 0.220952 0.194286 0.20381 0.198095 0.177143 0.222857 0.179048 0.182857 0.217143 0.19619 0.198095 0.19619 0.211429 0.2 0.175238 0.139048 0.226667 0.184762 0.182857 0.217143 0.24381 0.238095 0.180952 0.211429 0.211429 0.219048 0.2 
0.225116 0.174884 0.213953 0.221395 0.219535 0.180465 0.217674 0.180465 0.20093 0.184186 0.182326 0.195349 0.182326 0.210233 0.204651 0.232558 0.189767 0.228837 0.197209 0.210233 0.204651 0.197209 0.206512 0.197209 0.230698 0.182326 0.213953 0.193488 0.219535 0.189767 0.193488 0.182326 0.230698 0.226977 0.202791 0.202791 0.206512 0.215814 0.208372 0.228837 0.195349 0.187907 0.215814 0.20093 0.230698 0.197209 0.193488 0.178605 0.228837 0.15814 
0.172727 0.196364 0.187273 0.158182 0.22 0.183636 0.194545 0.210909 0.201818 0.174545 0.181818 0.194545 0.209091 0.170909 0.22 0.250909 0.198182 0.181818 0.230909 0.187273 0.218182 0.194545 0.190909 0.181818 0.196364 0.247273 0.214545 0.178182 0.236364 0.187273 0.2 0.210909 0.147273 0.183636 0.218182 0.232727 0.196364 0.181818 0.207273 0.223636 0.187273 0.232727 0.194545 0.205455 0.190909 0.165455 0.196364 0.185455 0.169091 0.185455 
0.193778 0.211556 0.215111 0.202667 0.190222 0.215111 0.195556 0.211556 0.227556 0.215111 0.188444 0.234667 0.225778 0.184889 0.197333 0.231111 0.170667 0.220444 0.215111 0.177778 0.195556 0.199111 0.215111 0.215111 0.206222 0.220444 0.206222 0.181333 0.199111 0.200889 0.179556 0.200889 0.172444 0.190222 0.192 0.183111 0.202667 0.202667 0.179556 0.200889 0.200889 0.195556 0.195556 0.218667 0.231111 0.225778 0.200889 0.222222 0.181333 0.200889 
0.201739 0.182609 0.193043 0.189565 0.189565 0.227826 0.172174 0.194783 0.196522 0.215652 0.205217 0.191304 0.194783 0.196522 0.191304 0.177391 0.210435 0.198261 0.193043 0.210435 0.229565 0.177391 0.210435 0.208696 0.166957 0.206957 0.184348 0.172174 0.182609 0.196522 0.245217 0.163478 0.191304 0.193043 0.22087 0.182609 0.245217 0.193043 0.17913 0.217391 0.172174 0.201739 0.212174 0.191304 0.189565 0.189565 0.217391 0.196522 0.203478 0.252174 
0.224681 0.170213 0.199149 0.18383 0.197447 0.211064 0.180426 0.202553 0.229787 0.168511 0.234894 0.190638 0.180426 0.200851 0.229787 0.177021 0.200851 0.180426 0.199149 0.180426 0.226383 0.178723 0.180426 0.212766 0.205957 0.221277 0.18383 0.248511 0.204255 0.180426 0.228085 0.204255 0.199149 0.180426 0.209362 0.222979 0.197447 0.20766 0.204255 0.19234 0.195745 0.171915 0.234894 0.19234 0.214468 0.211064 0.205957 0.200851 0.202553 0.20766 
0.22 0.198333 0.238333 0.216667 0.183333 0.186667 0.226667 0.195 0.186667 0.213333 0.228333 0.203333 0.231667 0.193333 0.191667 0.175 0.195 0.201667 0.215 0.19 0.19 0.176667 0.193333 0.208333 0.198333 0.168333 0.186667 0.155 0.213333 0.198333 0.205 0.22 0.203333 0.223333 0.181667 0.178333 0.2 0.221667 0.225 0.181667 0.203333 0.205 0.175 0.208333 0.21 0.226667 0.178333 0.198333 0.221667 0.203333 
0.213878 0.225306 0.21551 0.192653 0.202449 0.197551 0.212245 0.199184 0.200816 0.200816 0.194286 0.18449 0.199184 0.202449 0.19102 0.18449 0.192653 0.207347 0.194286 0.20898 0.176327 0.207347 0.205714 0.19102 0.197551 0.200816 0.205714 0.192653 0.213878 0.177959 0.217143 0.192653 0.19102 0.182857 0.194286 0.194286 0.204082 0.204082 0.194286 0.200816 0.204082 0.210612 0.217143 0.205714 0.197551 0.205714 0.176327 0.177959 0.19102 0.169796 
0.2 0.1968 0.2 0.2096 0.176 0.2176 0.1872 0.1888 0.176 0.2048 0.192 0.192 0.176 0.2048 0.2256 0.1728 0.2272 0.2256 0.1968 0.2 0.2208 0.2048 0.1856 0.176 0.2064 0.2032 0.2048 0.2352 0.2336 0.184 0.176 0.1648 0.1984 0.2192 0.1536 0.2176 0.1952 0.1856 0.2208 0.2336 0.1776 0.1824 0.2048 0.2352 0.192 0.1744 0.192 0.1952 0.1856 0.2192 
0.207059 0.172549 0.216471 0.189804 0.188235 0.216471 0.196078 0.249412 0.207059 0.203922 0.202353 0.222745 0.164706 0.218039 0.241569 0.22902 0.192941 0.211765 0.208627 0.207059 0.186667 0.177255 0.20549 0.20549 0.213333 0.202353 0.17098 0.199216 0.186667 0.202353 0.186667 0.230588 0.207059 0.158431 0.202353 0.19451 0.221176 0.19451 0.175686 0.219608 0.224314 0.197647 0.236863 0.180392 0.208627 0.207059 0.22902 0.196078 0.185098 0.172549 
0.206154 0.173846 0.18 0.187692 0.213846 0.201538 0.206154 0.184615 0.193846 0.187692 0.201538 0.215385 0.216923 0.186154 0.196923 0.206154 0.186154 0.212308 0.198462 0.181538 0.218462 0.230769 0.213846 0.212308 0.186154 0.221538 0.204615 0.193846 0.189231 0.227692 0.206154 0.233846 0.183077 0.209231 0.198462 0.206154 0.238462 0.203077 0.223077 0.198462 0.207692 0.186154 0.206154 0.207692 0.213846 0.204615 0.236923 0.184615 0.2 0.201538 
0.190189 0.208302 0.199245 0.181132 0.188679 0.208302 0.191698 0.202264 0.221887 0.191698 0.206792 0.191698 0.243019 0.21283 0.194717 0.200755 0.197736 0.199245 0.208302 0.220377 0.197736 0.194717 0.21434 0.172075 0.197736 0.197736 0.18717 0.208302 0.169057 0.205283 0.200755 0.191698 0.18717 0.193208 0.181132 0.190189 0.188679 0.227925 0.217358 0.193208 0.169057 0.226415 0.197736 0.21283 0.182642 0.191698 0.205283 0.21283 0.215849 0.21434 
0.226667 0.188148 0.217778 0.191111 0.247407 0.205926 0.171852 0.201481 0.205926 0.18963 0.213333 0.219259 0.158519 0.188148 0.17037 0.217778 0.176296 0.198519 0.188148 0.208889 0.174815 0.183704 0.204444 0.204444 0.211852 0.207407 0.208889 0.220741 0.171852 0.192593 0.198519 0.186667 0.211852 0.223704 0.21037 0.204444 0.207407 0.2 0.226667 0.204444 0.195556 0.235556 0.182222 0.220741 0.167407 0.220741 0.211852 0.226667 0.225185 0.177778 
0.202182 0.210909 0.215273 0.229818 0.213818 0.176 0.206545 0.161455 0.199273 0.210909 0.231273 0.209455 0.196364 0.192 0.222545 0.184727 0.203636 0.202182 0.190545 0.192 0.187636 0.165818 0.225455 0.205091 0.231273 0.213818 0.196364 0.189091 0.205091 0.199273 0.203636 0.187636 0.215273 0.184727 0.209455 0.213818 0.232727 0.197818 0.200727 0.213818 0.197818 0.193455 0.186182 0.194909 0.193455 0.197818 0.194909 0.174545 0.218182 0.192 
0.187143 0.188571 0.174286 0.211429 0.215714 0.205714 0.217143 0.195714 0.191429 0.192857 0.214286 0.212857 0.172857 0.217143 0.244286 0.194286 0.224286 0.185714 0.225714 0.197143 0.187143 0.221429 0.208571 0.184286 0.201429 0.221429 0.228571 0.225714 0.192857 0.185714 0.187143 0.205714 0.228571 0.208571 0.165714 0.205714 0.202857 0.171429 0.171429 0.19 0.194286 0.195714 0.17 0.181429 0.192857 0.185714 0.208571 0.182857 0.2 0.204286 
0.202105 0.204912 0.207719 0.209123 0.214737 0.196491 0.189474 0.213333 0.203509 0.238596 0.193684 0.195088 0.204912 0.218947 0.210526 0.196491 0.197895 0.196491 0.181053 0.158596 0.206316 0.199298 0.203509 0.199298 0.203509 0.217544 0.18807 0.21193 0.195088 0.206316 0.167018 0.151579 0.214737 0.210526 0.192281 0.196491 0.195088 0.213333 0.206316 0.204912 0.24 0.18386 0.225965 0.176842 0.18807 0.18807 0.206316 0.175439 0.185263 0.18807 
0.224828 0.18069 0.183448 0.213793 0.191724 0.202759 0.208276 0.209655 0.212414 0.183448 0.162759 0.22069 0.213793 0.202759 0.194483 0.201379 0.206897 0.190345 0.183448 0.173793 0.190345 0.235862 0.202759 0.184828 0.205517 0.228966 0.202759 0.176552 0.187586 0.217931 0.212414 0.17931 0.205517 0.194483 0.205517 0.187586 0.202759 0.186207 0.217931 0.182069 0.194483 0.197241 0.241379 0.18069 0.182069 0.216552 0.230345 0.209655 0.2 0.213793 
0.214237 0.245424 0.207458 0.195254 0.180339 0.177627 0.173559 0.192542 0.216949 0.206102 0.177627 0.210169 0.189831 0.208814 0.193898 0.202034 0.211525 0.229153 0.176271 0.187119 0.210169 0.212881 0.183051 0.204746 0.195254 0.248136 0.177627 0.188475 0.222373 0.208814 0.184407 0.234576 0.188475 0.211525 0.219661 0.189831 0.19661 0.199322 0.172203 0.202034 0.206102 0.20339 0.191186 0.202034 0.208814 0.176271 0.226441 0.202034 0.204746 0.207458 
0.189333 0.184 0.194667 0.2 0.174667 0.188 0.190667 0.193333 0.2 0.2 0.205333 0.170667 0.194667 0.234667 0.193333 0.178667 0.217333 0.198667 0.213333 0.186667 0.197333 0.206667 0.205333 0.225333 0.2 0.173333 0.190667 0.226667 0.18 0.229333 0.196 0.218667 0.206667 0.190667 0.221333 0.193333 0.221333 0.182667 0.177333 0.217333 0.198667 0.176 0.214667 0.168 0.209333 0.205333 0.202667 0.206667 0.206667 0.188 
0.174426 0.207213 0.182295 0.190164 0.194098 0.205902 0.198033 0.187541 0.156066 0.180984 0.219016 0.192787 0.21377 0.198033 0.184918 0.199344 0.199344 0.178361 0.188852 0.205902 0.215082 0.19541 0.221639 0.212459 0.220328 0.192787 0.200656 0.198033 0.224262 0.19541 0.199344 0.216393 0.236066 0.226885 0.184918 0.21377 0.21377 0.201967 0.183607 0.183607 0.191475 0.184918 0.191475 0.187541 0.203279 0.203279 0.224262 0.188852 0.201967 0.19541 
0.203871 0.212903 0.230968 0.187097 0.2 0.207742 0.210323 0.180645 0.2 0.172903 0.206452 0.193548 0.2 0.190968 0.202581 0.205161 0.206452 0.206452 0.185806 0.227097 0.202581 0.19871 0.188387 0.210323 0.206452 0.212903 0.171613 0.207742 0.202581 0.215484 0.197419 0.210323 0.215484 0.214194 0.210323 0.2 0.190968 0.178065 0.188387 0.189677 0.184516 0.189677 0.192258 0.209032 0.166452 0.19871 0.211613 0.205161 0.20129 0.212903 
0.219683 0.191746 0.209524 0.168889 0.201905 0.189206 0.200635 0.185397 0.223492 0.182857 0.214603 0.175238 0.206984 0.200635 0.182857 0.209524 0.213333 0.184127 0.200635 0.195556 0.214603 0.203175 0.213333 0.217143 0.168889 0.212063 0.179048 0.199365 0.218413 0.204444 0.215873 0.179048 0.189206 0.201905 0.212063 0.187937 0.199365 0.199365 0.194286 0.223492 0.203175 0.206984 0.186667 0.190476 0.220952 0.205714 0.205714 0.204444 0.205714 0.205714 
0.2 0.18875 0.19875 0.195 0.17875 0.1875 0.20875 0.2075 0.1975 0.19625 0.18625 0.1875 0.2025 0.195 0.18875 0.21875 0.18875 0.19125 0.2175 0.17125 0.19 0.215 0.18125 0.1825 0.1925 0.19125 0.20625 0.2225 0.2 0.19125 0.20625 0.185 0.20125 0.17875 0.21125 0.185 0.205 0.20625 0.20625 0.19375 0.20625 0.21625 0.17125 0.1875 0.215 0.22875 0.21625 0.20625 0.20375 0.21375 
0.178462 0.185846 0.169846 0.188308 0.193231 0.203077 0.173538 0.188308 0.185846 0.196923 0.201846 0.204308 0.199385 0.201846 0.180923 0.210462 0.194462 0.216615 0.200615 0.183385 0.182154 0.205538 0.217846 0.168615 0.236308 0.231385 0.215385 0.194462 0.179692 0.204308 0.217846 0.217846 0.196923 0.206769 0.209231 0.210462 0.203077 0.206769 0.200615 0.201846 0.190769 0.189538 0.209231 0.200615 0.183385 0.211692 0.208 0.215385 0.228923 0.200615 
0.196364 0.189091 0.192727 0.189091 0.206061 0.2 0.207273 0.204848 0.189091 0.178182 0.186667 0.17697 0.185455 0.225455 0.178182 0.213333 0.196364 0.206061 0.201212 0.193939 0.193939 0.206061 0.156364 0.206061 0.18303 0.178182 0.218182 0.2 0.21697 0.2 0.219394 0.213333 0.202424 0.2 0.198788 0.17697 0.169697 0.190303 0.202424 0.196364 0.189091 0.17697 0.201212 0.198788 0.212121 0.202424 0.204848 0.201212 0.206061 0.206061 
0.208955 0.193433 0.182687 0.207761 0.218507 0.213731 0.210149 0.198209 0.199403 0.199403 0.205373 0.220896 0.182687 0.195821 0.187463 0.219701 0.182687 0.195821 0.206567 0.210149 0.195821 0.170746 0.195821 0.202985 0.192239 0.229254 0.193433 0.151642 0.174328 0.195821 0.206567 0.232836 0.182687 0.198209 0.197015 0.225672 0.202985 0.208955 0.197015 0.188657 0.199403 0.216119 0.206567 0.188657 0.175522 0.187463 0.204179 0.185075 0.198209 0.17791 
0.177647 0.227059 0.198824 0.211765 0.231765 0.184706 0.225882 0.237647 0.184706 0.208235 0.196471 0.190588 0.204706 0.181176 0.216471 0.189412 0.192941 0.214118 0.196471 0.195294 0.234118 0.182353 0.217647 0.208235 0.184706 0.203529 0.176471 0.218824 0.189412 0.189412 0.207059 0.208235 0.202353 0.164706 0.212941 0.208235 0.211765 0.172941 0.217647 0.225882 0.18 0.2 0.207059 0.214118 0.201176 0.2 0.217647 0.208235 0.202353 0.195294 
0.185507 0.197101 0.221449 0.166957 0.22029 0.195942 0.195942 0.195942 0.204058 0.195942 0.190145 0.192464 0.21913 0.204058 0.20058 0.22029 0.204058 0.178551 0.207536 0.222609 0.201739 0.184348 0.184348 0.233043 0.214493 0.213333 0.183188 0.209855 0.178551 0.211014 0.226087 0.205217 0.197101 0.198261 0.188986 0.208696 0.190145 0.214493 0.212174 0.201739 0.191304 0.22029 0.207536 0.215652 0.228406 0.204058 0.224928 0.193623 0.192464 0.197101 
0.209143 0.190857 0.227429 0.202286 0.189714 0.196571 0.201143 0.193143 0.202286 0.209143 0.2 0.177143 0.193143 0.185143 0.2 0.197714 0.205714 0.219429 0.193143 0.193143 0.184 0.194286 0.194286 0.217143 0.203429 0.198857 0.192 0.192 0.196571 0.188571 0.194286 0.202286 0.172571 0.219429 0.218286 0.197714 0.214857 0.209143 0.211429 0.205714 0.196571 0.230857 0.204571 0.186286 0.193143 0.227429 0.182857 0.193143 0.205714 0.236571 
0.202817 0.208451 0.207324 0.214085 0.192676 0.170141 0.181408 0.181408 0.193803 0.215211 0.208451 0.211831 0.196056 0.219718 0.224225 0.207324 0.19831 0.210704 0.214085 0.207324 0.221972 0.184789 0.217465 0.193803 0.225352 0.202817 0.193803 0.185915 0.191549 0.210704 0.197183 0.211831 0.212958 0.203944 0.179155 0.174648 0.193803 0.179155 0.196056 0.199437 0.20507 0.226479 0.192676 0.218592 0.188169 0.203944 0.191549 0.215211 0.188169 0.192676 
0.192222 0.192222 0.197778 0.211111 0.197778 0.172222 0.188889 0.207778 0.226667 0.177778 0.217778 0.206667 0.187778 0.206667 0.174444 0.168889 0.175556 0.184444 0.197778 0.218889 0.21 0.188889 0.214444 0.193333 0.173333 0.212222 0.203333 0.206667 0.193333 0.192222 0.194444 0.196667 0.187778 0.206667 0.205556 0.201111 0.206667 0.215556 0.198889 0.201111 0.204444 0.2 0.177778 0.197778 0.202222 0.191111 0.194444 0.211111 0.204444 0.194444 
0.189589 0.195068 0.204932 0.173151 0.21589 0.198356 0.177534 0.204932 0.224658 0.21589 0.201644 0.183014 0.188493 0.186301 0.192877 0.183014 0.198356 0.18411 0.173151 0.210411 0.206027 0.19726 0.19726 0.218082 0.226849 0.198356 0.176438 0.187397 0.218082 0.199452 0.201644 0.186301 0.20274 0.200548 0.176438 0.188493 0.201644 0.195068 0.212603 0.188493 0.186301 0.216986 0.191781 0.19726 0.224658 0.17863 0.20274 0.199452 0.183014 0.189589 
0.204324 0.205405 0.208649 0.192432 0.19027 0.234595 0.215135 0.207568 0.208649 0.210811 0.181622 0.212973 0.19027 0.191351 0.197838 0.20973 0.174054 0.19027 0.203243 0.203243 0.193514 0.224865 0.202162 0.184865 0.221622 0.211892 0.201081 0.194595 0.204324 0.189189 0.195676 0.194595 0.193514 0.207568 0.210811 0.194595 0.185946 0.215135 0.224865 0.203243 0.181622 0.193514 0.193514 0.228108 0.194595 0.197838 0.215135 0.187027 0.206486 0.189189 
0.186667 0.202667 0.208 0.181333 0.183467 0.170667 0.215467 0.218667 0.16 0.2112 0.210133 0.213333 0.205867 0.2144 0.222933 0.206933 0.174933 0.186667 0.229333 0.206933 0.189867 0.183467 0.1952 0.194133 0.194133 0.173867 0.2016 0.2016 0.197333 0.1632 0.1824 0.192 0.194133 0.222933 0.1888 0.2144 0.2144 0.212267 0.2048 0.1952 0.192 0.2016 0.2112 0.1888 0.208 0.216533 0.176 0.206933 0.206933 0.2144 
0.175789 0.22 0.209474 0.194737 0.191579 0.202105 0.194737 0.206316 0.185263 0.205263 0.216842 0.207368 0.177895 0.202105 0.187368 0.212632 0.222105 0.207368 0.214737 0.211579 0.206316 0.195789 0.217895 0.192632 0.218947 0.201053 0.196842 0.214737 0.201053 0.217895 0.193684 0.18 0.191579 0.210526 0.183158 0.175789 0.22 0.212632 0.197895 0.2 0.191579 0.227368 0.191579 0.216842 0.232632 0.210526 0.171579 0.221053 0.202105 0.188421 
0.226494 0.200519 0.196364 0.20987 0.201558 0.178701 0.195325 0.208831 0.199481 0.184935 0.19013 0.218182 0.210909 0.204675 0.189091 0.232727 0.211948 0.207792 0.183896 0.199481 0.201558 0.17974 0.207792 0.192208 0.22961 0.195325 0.196364 0.198442 0.194286 0.222338 0.20987 0.178701 0.183896 0.203636 0.197403 0.197403 0.189091 0.204675 0.194286 0.197403 0.178701 0.219221 0.167273 0.172468 0.195325 0.210909 0.202597 0.216104 0.199481 0.166234 
0.188718 0.195897 0.205128 0.209231 0.194872 0.2 0.18359 0.2 0.215385 0.209231 0.202051 0.190769 0.226667 0.208205 0.188718 0.209231 0.173333 0.194872 0.213333 0.205128 0.210256 0.203077 0.165128 0.203077 0.175385 0.22359 0.173333 0.204103 0.189744 0.197949 0.189744 0.196923 0.187692 0.190769 0.196923 0.205128 0.206154 0.186667 0.196923 0.222564 0.202051 0.217436 0.217436 0.206154 0.2 0.220513 0.192821 0.213333 0.17641 0.197949 
0.187342 0.211646 0.217722 0.185316 0.20962 0.197468 0.199494 0.198481 0.237975 0.188354 0.218734 0.215696 0.195443 0.207595 0.203544 0.207595 0.193418 0.215696 0.207595 0.212658 0.200506 0.187342 0.214684 0.206582 0.186329 0.219747 0.215696 0.203544 0.156962 0.172152 0.211646 0.200506 0.215696 0.202532 0.201519 0.19038 0.211646 0.192405 0.227848 0.199494 0.210633 0.196456 0.208608 0.200506 0.199494 0.204557 0.20557 0.202532 0.210633 0.17519 
0.184 0.207 0.185 0.195 0.182 0.216 0.205 0.159 0.183 0.208 0.19 0.186 0.194 0.162 0.209 0.215 0.205 0.223 0.198 0.198 0.21 0.213 0.218 0.172 0.202 0.184 0.205 0.205 0.194 0.182 0.21 0.2 0.211 0.208 0.171 0.201 0.199 0.194 0.186 0.215 0.197 0.21 0.204 0.2 0.188 0.193 0.184 0.199 0.205 0.186 
0.212346 0.205432 0.202469 0.194568 0.200494 0.237037 0.197531 0.196543 0.192593 0.207407 0.197531 0.201481 0.17679 0.225185 0.204444 0.196543 0.199506 0.186667 0.213333 0.212346 0.214321 0.217284 0.199506 0.192593 0.184691 0.209383 0.225185 0.215309 0.228148 0.196543 0.216296 0.213333 0.201481 0.217284 0.215309 0.180741 0.196543 0.200494 0.208395 0.201481 0.219259 0.18963 0.199506 0.17284 0.204444 0.204444 0.21037 0.22716 0.190617 0.20642 
0.190244 0.197073 0.202927 0.219512 0.188293 0.23122 0.192195 0.17561 0.190244 0.185366 0.172683 0.188293 0.202927 0.180488 0.202927 0.201951 0.186341 0.20878 0.196098 0.206829 0.200976 0.205854 0.210732 0.19122 0.200976 0.200976 0.209756 0.225366 0.192195 0.197073 0.186341 0.19122 0.174634 0.22439 0.200976 0.169756 0.220488 0.192195 0.18439 0.203902 0.204878 0.192195 0.183415 0.202927 0.202927 0.221463 0.190244 0.186341 0.194146 0.205854 
0.186988 0.192771 0.182169 0.199518 0.192771 0.22747 0.198554 0.186988 0.206265 0.190843 0.186024 0.207229 0.196627 0.186988 0.198554 0.211084 0.199518 0.165783 0.180241 0.199518 0.218795 0.231325 0.198554 0.223614 0.218795 0.200482 0.217831 0.206265 0.193735 0.222651 0.190843 0.19759 0.219759 0.226506 0.196627 0.205301 0.204337 0.205301 0.205301 0.200482 0.20241 0.195663 0.183133 0.201446 0.215904 0.200482 0.173494 0.211084 0.195663 0.209157 
0.197143 0.186667 0.201905 0.2 0.198095 0.201905 0.190476 0.191429 0.204762 0.198095 0.205714 0.191429 0.177143 0.177143 0.194286 0.22 0.184762 0.22 0.2 0.194286 0.205714 0.169524 0.206667 0.214286 0.177143 0.186667 0.197143 0.18381 0.209524 0.194286 0.214286 0.200952 0.213333 0.208571 0.182857 0.18381 0.2 0.201905 0.199048 0.188571 0.218095 0.208571 0.20381 0.204762 0.171429 0.195238 0.193333 0.209524 0.198095 0.201905 
0.161882 0.187294 0.190118 0.197647 0.206118 0.201412 0.208 0.198588 0.195765 0.192941 0.193882 0.234353 0.200471 0.205176 0.208941 0.194824 0.199529 0.203294 0.209882 0.181647 0.182588 0.244706 0.192941 0.216471 0.206118 0.206118 0.207059 0.199529 0.205176 0.199529 0.202353 0.186353 0.197647 0.203294 0.195765 0.204235 0.186353 0.215529 0.216471 0.187294 0.202353 0.196706 0.195765 0.226824 0.194824 0.191059 0.196706 0.214588 0.194824 0.182588 
0.190698 0.215814 0.2 0.226047 0.203721 0.207442 0.186977 0.190698 0.189767 0.20093 0.2 0.182326 0.19907 0.179535 0.19814 0.213953 0.189767 0.224186 0.2 0.173023 0.184186 0.203721 0.179535 0.215814 0.188837 0.184186 0.191628 0.187907 0.181395 0.236279 0.197209 0.196279 0.188837 0.190698 0.218605 0.20186 0.202791 0.210233 0.186977 0.224186 0.204651 0.221395 0.189767 0.190698 0.203721 0.192558 0.208372 0.16186 0.217674 0.220465 
0.178391 0.210575 0.205057 0.186667 0.191264 0.197701 0.224368 0.209655 0.208736 0.198621 0.198621 0.184828 0.182989 0.216092 0.211494 0.221609 0.197701 0.217931 0.214253 0.17931 0.198621 0.182989 0.212414 0.190345 0.184828 0.211494 0.185747 0.211494 0.184828 0.190345 0.19954 0.18023 0.18023 0.203218 0.226207 0.204138 0.193103 0.205057 0.198621 0.195862 0.207816 0.174713 0.211494 0.212414 0.211494 0.19954 0.202299 0.182069 0.186667 0.205977 
0.184545 0.185455 0.209091 0.188182 0.21 0.2 0.224545 0.214545 0.170909 0.182727 0.189091 0.200909 0.211818 0.163636 0.194545 0.184545 0.198182 0.210909 0.224545 0.2 0.181818 0.220909 0.194545 0.185455 0.193636 0.184545 0.197273 0.193636 0.19 0.203636 0.214545 0.175455 0.189091 0.183636 0.212727 0.185455 0.233636 0.215455 0.176364 0.18 0.2 0.173636 0.178182 0.195455 0.182727 0.205455 0.191818 0.178182 0.207273 0.172727 
0.20764 0.204944 0.196854 0.201348 0.227416 0.204944 0.221124 0.203146 0.168989 0.231011 0.222022 0.208539 0.200449 0.183371 0.200449 0.190562 0.204944 0.206742 0.197753 0.180674 0.210337 0.209438 0.198652 0.19236 0.205843 0.221124 0.226517 0.179775 0.204045 0.187865 0.217528 0.195056 0.197753 0.186067 0.198652 0.180674 0.189663 0.183371 0.199551 0.212135 0.218427 0.204045 0.203146 0.198652 0.178876 0.181573 0.196854 0.21573 0.204045 0.204045 
0.203556 0.188444 0.192889 0.210667 0.178667 0.203556 0.168 0.201778 0.194667 0.191111 0.213333 0.197333 0.187556 0.232889 0.214222 0.211556 0.177778 0.194667 0.208 0.206222 0.203556 0.194667 0.220444 0.184 0.201778 0.230222 0.197333 0.178667 0.213333 0.193778 0.191111 0.214222 0.189333 0.220444 0.208 0.208889 0.186667 0.198222 0.183111 0.206222 0.223111 0.196444 0.200889 0.221333 0.192 0.196444 0.205333 0.192889 0.196444 0.188444 
0.204835 0.176703 0.18989 0.195165 0.210989 0.202198 0.215385 0.208352 0.18989 0.183736 0.218901 0.196923 0.205714 0.186374 0.202198 0.203956 0.190769 0.210989 0.204835 0.195165 0.234725 0.187253 0.172308 0.209231 0.202198 0.18989 0.216264 0.186374 0.194286 0.187253 0.186374 0.214505 0.202198 0.217143 0.197802 0.218022 0.195165 0.218022 0.193407 0.181978 0.210989 0.201319 0.201319 0.189011 0.205714 0.18989 0.185495 0.198681 0.195165 0.183736 
0.204348 0.2 0.210435 0.186957 0.190435 0.201739 0.210435 0.217391 0.2 0.206957 0.193913 0.203478 0.211304 0.190435 0.20087 0.208696 0.190435 0.186957 0.202609 0.216522 0.215652 0.209565 0.2 0.196522 0.201739 0.198261 0.188696 0.213913 0.207826 0.201739 0.208696 0.212174 0.198261 0.195652 0.226087 0.186957 0.20087 0.19913 0.210435 0.209565 0.206087 0.205217 0.206087 0.201739 0.221739 0.191304 0.18 0.196522 0.201739 0.184348 
0.202151 0.208172 0.196989 0.19871 0.202151 0.221935 0.214194 0.193548 0.228817 0.184946 0.182366 0.204731 0.189247 0.185806 0.221075 0.202151 0.196989 0.177204 0.194409 0.20129 0.186667 0.195269 0.222796 0.212473 0.209892 0.181505 0.196129 0.19871 0.19957 0.217634 0.209892 0.203871 0.20043 0.195269 0.203011 0.190108 0.221935 0.203871 0.182366 0.203871 0.191828 0.20129 0.20043 0.178065 0.205591 0.206452 0.19957 0.194409 0.191828 0.20043 
0.196596 0.182979 0.204255 0.19234 0.190638 0.200851 0.208511 0.205106 0.188085 0.17617 0.182128 0.182128 0.17617 0.206809 0.198298 0.186383 0.210213 0.188936 0.211915 0.194043 0.214468 0.195745 0.200851 0.196596 0.180426 0.195745 0.213617 0.203404 0.197447 0.206809 0.190638 0.195745 0.182979 0.2 0.188936 0.199149 0.215319 0.211915 0.19234 0.208511 0.194043 0.20766 0.198298 0.197447 0.19234 0.22383 0.197447 0.174468 0.193191 0.202553 
0.192 0.190316 0.209684 0.188632 0.189474 0.197895 0.195368 0.218947 0.213053 0.202947 0.192 0.184421 0.197053 0.192 0.208 0.189474 0.201263 0.217263 0.217263 0.208842 0.182737 0.200421 0.181053 0.222316 0.182737 0.217263 0.212211 0.210526 0.197053 0.195368 0.189474 0.186947 0.202947 0.192 0.190316 0.184421 0.190316 0.193684 0.188632 0.213895 0.194526 0.194526 0.181895 0.190316 0.176842 0.196211 0.200421 0.193684 0.197053 0.200421 
0.2075 0.205 0.199167 0.2 0.194167 0.195833 0.183333 0.2 0.196667 0.1675 0.184167 0.185 0.203333 0.205 0.19 0.19 0.199167 0.2125 0.210833 0.203333 0.184167 0.215 0.188333 0.209167 0.208333 0.208333 0.195833 0.186667 0.184167 0.191667 0.199167 0.194167 0.2125 0.179167 0.185833 0.211667 0.188333 0.205 0.198333 0.206667 0.188333 0.188333 0.196667 0.1975 0.205 0.200833 0.194167 0.201667 0.1875 0.219167 
0.195464 0.221856 0.206186 0.185567 0.19134 0.183918 0.202887 0.171546 0.207835 0.210309 0.186392 0.205361 0.20701 0.193814 0.213608 0.186392 0.193814 0.20701 0.20866 0.229278 0.20866 0.189691 0.196289 0.183918 0.223505 0.209485 0.192165 0.188041 0.207835 0.183093 0.212784 0.212784 0.188041 0.193814 0.202062 0.19299 0.180619 0.20866 0.215258 0.200412 0.20701 0.220206 0.198763 0.207835 0.185567 0.205361 0.19134 0.189691 0.190515 0.179794 
0.2 0.208163 0.164082 0.186939 0.217143 0.226122 0.203265 0.212245 0.181224 0.193469 0.202449 0.207347 0.22449 0.21551 0.216327 0.19102 0.182857 0.167347 0.213061 0.2 0.178776 0.191837 0.214694 0.204898 0.204898 0.218776 0.200816 0.204082 0.206531 0.190204 0.203265 0.217959 0.189388 0.185306 0.178776 0.191837 0.209796 0.217959 0.188571 0.205714 0.188571 0.198367 0.206531 0.205714 0.208163 0.213878 0.173061 0.192653 0.203265 0.20898 
0.192323 0.209293 0.207677 0.206061 0.205253 0.195556 0.181818 0.208485 0.189091 0.205253 0.196364 0.188283 0.192323 0.203636 0.208485 0.193131 0.232727 0.195556 0.227071 0.19798 0.186667 0.195556 0.206061 0.210909 0.230303 0.185859 0.181818 0.20202 0.226263 0.185859 0.182626 0.190707 0.185859 0.193131 0.210101 0.218182 0.205253 0.186667 0.228687 0.234343 0.184242 0.20202 0.183434 0.193939 0.194747 0.194747 0.209293 0.210909 0.197172 0.183434 
0.1824 0.192 0.2176 0.2056 0.2168 0.188 0.1872 0.1944 0.2136 0.1904 0.1864 0.1984 0.2136 0.1816 0.2176 0.2072 0.1888 0.2048 0.2072 0.188 0.2016 0.2024 0.2176 0.208 0.2176 0.2152 0.2096 0.1984 0.1888 0.196 0.1928 0.2192 0.1984 0.2056 0.208 0.2016 0.2088 0.1792 0.184 0.2024 0.1896 0.2056 0.2136 0.2088 0.2056 0.2016 0.2128 0.2056 0.2288 0.2 
