178 22396 7 683494 992257 308763
216 22512 8 860509 898671 38162
685 22349 7 682742 801487 118745
584 22341 7 656634 836285 179651
326 22407 7 666231 868705 202474
207 22453 8 803997 909649 105652
270 22427 8 700285 783275 82990
543 22523 7 645822 869122 223300
162 22473 7 646408 793089 146681
221 22461 8 841884 851066 9182
212 22340 7 607753 791190 183437
296 22383 9 674370 782090 107720
360 22465 8 650776 945680 294904
514 22361 7 793404 846612 53208
317 22367 7 746971 915449 168478
424 22432 7 652161 966341 314180
436 22438 8 730308 846650 116342
97 22556 8 764906 948516 183610
548 22420 7 743582 837247 93665
499 22329 12 763602 764633 1031
336 22392 7 690403 842554 152151
52 22371 7 930554 985864 55310
637 22216 8 755057 786902 31845
295 22467 7 677539 1003411 325872
457 22404 7 673731 931603 257872
58 22458 7 656597 1068084 411487
489 22523 7 693938 809467 115529
230 22320 8 670466 726146 55680
380 22444 8 741890 816392 74502
350 22598 7 701038 857276 156238
265 22502 9 672036 752572 80536
316 22511 7 712129 870434 158305
165 22582 8 805946 880039 74093
296 22461 8 680986 877337 196351
456 22438 8 658318 982121 323803
596 22440 8 661151 875254 214103
123 22523 7 943583 993085 49502
467 22329 8 649226 789407 140181
334 22439 7 640494 798505 158011
317 22318 7 759092 970150 211058
226 22497 8 798404 844832 46428
344 22504 7 653277 879240 225963
178 22555 8 650318 867598 217280
161 22351 7 728797 845793 116996
604 22515 7 734183 814131 79948
38 22486 7 566282 834169 267887
188 22435 7 705995 920151 214156
438 22492 8 734061 923307 189246
454 22382 7 608291 836520 228229
113 22367 7 685872 771991 86119
257 22687 7 679655 918901 239246
65 22851 8 666514 854471 187957
422 22913 7 676096 887705 211609
80 22708 7 637209 797554 160345
495 22883 10 644908 1105803 460895
214 22986 7 679035 892888 213853
113 22841 7 690551 847188 156637
634 22821 8 589847 858443 268596
362 22856 7 682996 927361 244365
835 22771 8 803789 953472 149683
506 22805 7 696636 913630 216994
203 22799 7 659784 766973 107189
283 22733 8 628103 807927 179824
105 22812 7 741643 968474 226831
272 22815 7 596847 828110 231263
535 22844 7 679592 862445 182853
119 22870 7 724813 947057 222244
383 22684 7 877966 924416 46450
417 22912 8 691028 749070 58042
209 22767 7 702650 1015106 312456
176 22895 7 748020 869621 121601
285 22883 7 680024 865226 185202
621 22634 7 847268 865899 18631
430 22820 7 826574 905433 78859
671 22831 7 642913 908148 265235
303 22813 8 875731 1093149 217418
191 22900 8 710152 857656 147504
446 22853 8 701958 769915 67957
342 22744 8 784867 852345 67478
259 22733 7 745687 819547 73860
543 22980 8 686170 853017 166847
224 22804 8 707139 847472 140333
423 22804 8 602904 838976 236072
517 22701 7 775041 845787 70746
127 22870 8 662915 815233 152318
401 22779 8 668852 854235 185383
164 22840 8 620193 833384 213191
419 22941 7 671954 838632 166678
644 22848 8 795050 848882 53832
63 22659 7 714221 735904 21683
306 22836 7 711955 817221 105266
200 22731 8 898756 1032762 134006
288 22866 8 846848 914925 68077
133 22824 8 650911 825755 174844
296 22746 8 684385 1268931 584546
322 22831 9 674736 762231 87495
478 22827 7 738579 904308 165729
159 22785 8 696334 925053 228719
298 22795 7 686313 1004592 318279
301 22762 8 730221 960050 229829
73 23204 7 684826 954067 269241
282 23015 7 640327 870659 230332
114 23056 7 920960 956352 35392
140 23157 8 882892 939301 56409
216 23300 7 704001 774247 70246
490 23330 7 664914 856626 191712
438 23131 8 652791 877379 224588
349 23347 7 697369 886818 189449
528 23193 7 795304 821359 26055
325 23253 8 783188 920485 137297
197 23230 7 572555 716844 144289
220 23209 7 763503 921291 157788
69 23217 7 724561 789980 65419
284 23206 8 739748 943273 203525
442 23160 8 914026 978741 64715
357 23258 8 668878 849392 180514
421 23004 8 806921 909067 102146
493 23137 7 709303 874509 165206
308 23132 7 756611 987218 230607
157 23166 8 729033 916006 186973
435 23170 7 680558 876427 195869
403 23204 7 764430 868867 104437
178 23234 10 637467 893224 255757
284 23114 10 698577 845744 147167
200 23197 8 700882 776559 75677
390 23279 7 707151 788086 80935
92 23166 7 700615 1089747 389132
450 23047 7 755176 842726 87550
592 23185 7 732323 973114 240791
532 23299 7 705095 1030804 325709
404 23147 7 950646 1000034 49388
438 23174 7 1153569 1205752 52183
435 23061 8 637723 835334 197611
135 23205 8 641454 875495 234041
553 23087 8 679979 792815 112836
288 23237 7 742542 862461 119919
397 23171 8 671862 833224 161362
427 23202 7 805694 819235 13541
402 23015 8 745212 878292 133080
429 23155 7 872358 987757 115399
156 23234 8 715437 950255 234818
206 23120 7 840161 864441 24280
158 23227 7 774934 982205 207271
88 23118 7 659040 919181 260141
592 23140 7 718474 811258 92784
379 23048 9 746578 1004115 257537
298 23073 8 664975 835570 170595
350 23109 7 784537 923180 138643
561 23121 7 720068 940277 220209
180 23334 8 612425 775244 162819
699 23552 8 846643 1102244 255601
382 23627 8 716404 885987 169583
151 23654 7 861671 948396 86725
496 23641 8 710145 834201 124056
475 23429 7 758913 998342 239429
434 23550 7 632234 856985 224751
279 23508 8 681651 790279 108628
344 23510 7 934423 1060819 126396
498 23701 7 730451 830627 100176
286 23537 7 883449 1003824 120375
118 23499 9 606841 1058239 451398
234 23502 7 652298 909177 256879
101 23615 8 686817 1096885 410068
866 23620 8 718321 837748 119427
81 23489 7 667052 999181 332129
428 23436 7 862736 1005953 143217
94 23481 7 709449 947064 237615
285 23478 8 805130 887643 82513
250 23544 8 649476 862078 212602
710 23472 8 769026 974598 205572
393 23531 8 766777 986419 219642
368 23509 9 688545 898733 210188
288 23437 8 741940 828447 86507
183 23500 8 657371 907913 250542
215 23624 8 761565 812634 51069
110 23631 7 691214 783600 92386
146 23552 7 690636 857491 166855
214 23374 8 773900 976734 202834
538 23495 7 674087 954561 280474
243 23454 7 755102 798207 43105
521 23640 7 710792 834199 123407
317 23506 8 652584 1010259 357675
297 23492 7 751023 877962 126939
230 23514 7 709994 892709 182715
267 23610 7 636742 930418 293676
145 23639 8 747133 880359 133226
359 23413 7 683674 1071574 387900
324 23604 8 704631 948780 244149
497 23562 8 796147 853916 57769
376 23416 9 720335 1066676 346341
243 23610 7 660557 927134 266577
41 23414 7 937733 966940 29207
243 23573 7 705172 849639 144467
94 23557 9 803048 862884 59836
579 23586 7 641830 856318 214488
613 23576 7 772022 937976 165954
225 23592 7 674002 938444 264442
332 23598 7 700388 883015 182627
256 23618 8 719780 881636 161856
109 23661 8 693615 840816 147201
50 23894 8 716658 852518 135860
231 23723 8 657411 814241 156830
232 23850 7 685633 1058793 373160
324 23869 7 789970 872433 82463
371 23826 9 787556 941759 154203
669 24060 7 859914 1042944 183030
337 23916 7 841351 901498 60147
85 23792 7 704406 854772 150366
389 23960 7 690461 829769 139308
512 24011 8 924317 1001228 76911
550 23878 7 810212 999818 189606
160 23892 8 753380 1279024 525644
637 23854 8 831477 910005 78528
365 23945 8 844230 859754 15524
270 23940 7 751078 850634 99556
213 24055 8 634894 893316 258422
380 24011 7 754276 907490 153214
478 24030 7 825252 1015412 190160
153 23954 7 695621 926553 230932
130 23967 8 680636 823807 143171
542 23889 8 764308 956184 191876
142 23740 8 658631 851095 192464
762 23856 8 675678 913135 237457
237 23822 9 840699 946266 105567
275 23839 8 679203 1027014 347811
333 23939 7 840490 1073701 233211
427 23983 7 657270 916728 259458
377 23998 8 714936 1097434 382498
332 23937 7 715154 885471 170317
464 24001 7 678478 902969 224491
447 23784 7 663502 769632 106130
213 23946 8 819202 962628 143426
291 23970 7 714996 902047 187051
525 23938 7 881222 962597 81375
211 23970 8 836087 940924 104837
174 23900 8 689488 1017481 327993
277 23927 8 709939 829165 119226
596 23881 8 856296 917476 61180
180 23991 8 759910 962306 202396
528 23987 8 752293 937512 185219
142 23838 8 686009 853971 167962
314 24064 8 681607 855745 174138
254 23941 7 651715 867700 215985
147 24030 8 751252 822952 71700
98 23928 7 682829 806320 123491
61 24061 9 634035 839387 205352
431 23982 8 685425 1055780 370355
207 23995 8 643375 842623 199248
90 23848 9 881256 1094385 213129
367 23814 7 651964 833797 181833
360 24133 10 667907 915494 247587
255 24393 8 1129166 1224322 95156
174 24212 10 733345 813810 80465
244 24174 8 722168 901096 178928
487 24432 7 831673 983036 151363
459 24131 8 862817 950148 87331
412 24237 8 902882 940847 37965
187 24190 8 745697 909737 164040
278 24288 9 687114 882927 195813
189 24292 7 773189 961619 188430
282 24208 6 678904 845170 166266
178 24291 7 710085 1097163 387078
386 24202 7 886030 889835 3805
291 24370 7 704511 930824 226313
408 24240 7 839659 862601 22942
173 24157 7 845990 970861 124871
502 24261 8 651862 939502 287640
572 24324 9 706202 944723 238521
387 24260 9 727403 916238 188835
265 24275 8 720836 1071006 350170
166 24347 7 864662 920221 55559
169 24430 7 698398 896735 198337
141 24311 7 758246 915776 157530
31 24372 8 769165 891100 121935
474 24217 7 650342 890251 239909
96 24353 7 816136 1059950 243814
219 24213 7 739209 1252720 513511
177 24401 7 694682 999309 304627
455 24285 8 679525 905842 226317
348 24284 7 682888 781483 98595
230 24169 8 730227 866911 136684
162 24357 9 892662 946026 53364
176 24204 8 712794 910956 198162
533 24327 8 850481 1120442 269961
509 24326 7 821835 1062984 241149
484 24322 9 853381 1020409 167028
333 24358 8 641580 1053681 412101
190 24409 7 821137 1002818 181681
761 24209 8 803360 1030384 227024
124 24155 8 896257 924183 27926
18 24318 10 879873 1221997 342124
242 24308 9 775772 848044 72272
447 24250 8 851106 874366 23260
190 24389 7 720545 995260 274715
398 24234 7 773649 856179 82530
329 24260 8 618011 943345 325334
475 24307 7 844311 1041947 197636
338 24261 8 790806 911490 120684
505 24137 8 731494 885635 154141
502 24331 8 737709 878296 140587
240 24743 9 809867 850601 40734
178 24550 8 662878 1081230 418352
128 24657 7 714328 1044114 329786
464 24691 8 793104 991231 198127
262 24575 8 874735 918289 43554
353 24719 7 861527 1065218 203691
104 24611 8 820117 975137 155020
231 24680 7 860654 1007870 147216
301 24664 7 755291 1095386 340095
158 24584 7 769229 921303 152074
340 24825 9 657258 832814 175556
327 24685 7 716113 1089956 373843
169 24598 7 807991 1204739 396748
415 24748 7 838210 938490 100280
232 24631 8 796430 884599 88169
671 24632 8 939891 994236 54345
398 24725 7 842573 903837 61264
240 24580 8 822294 884732 62438
438 24520 8 847517 932641 85124
169 24497 7 709741 980518 270777
177 24701 8 812796 986701 173905
464 24530 7 900246 1007446 107200
216 24686 8 903116 999050 95934
231 24833 9 754713 918249 163536
520 24648 7 711384 993528 282144
128 24729 7 653561 878492 224931
111 24542 7 795992 1072704 276712
471 24776 7 750664 927344 176680
576 24683 8 965488 1025891 60403
482 24581 7 694996 905017 210021
220 24669 8 701020 928011 226991
410 24609 8 763217 1014161 250944
534 24514 8 745139 1186899 441760
609 24605 7 658471 943785 285314
375 24592 7 791891 931383 139492
319 24662 8 845798 1032951 187153
407 24715 8 788340 951675 163335
337 24616 8 900029 1002417 102388
420 24691 7 720740 971736 250996
270 24721 7 706326 919128 212802
190 24573 7 701206 971570 270364
396 24481 7 874688 996067 121379
481 24560 7 902757 927229 24472
143 24577 7 812436 969970 157534
210 24699 8 746752 886690 139938
414 24610 8 848809 860528 11719
443 24783 8 738986 949326 210340
98 24556 7 737899 899014 161115
172 24758 8 953088 989906 36818
342 24597 8 705116 871577 166461
164 24984 7 783065 1007397 224332
330 24977 9 730984 1195457 464473
429 25096 7 672584 848454 175870
244 24862 8 862300 912131 49831
501 25105 8 785485 1024932 239447
77 25058 7 1003373 1032545 29172
506 25007 7 626609 964186 337577
119 25090 7 800582 1205375 404793
163 25175 8 773590 902612 129022
162 25139 8 762991 1088914 325923
92 25094 8 777332 951304 173972
322 25037 7 812162 1034895 222733
492 25006 7 1052591 1309196 256605
256 25005 8 866637 972461 105824
253 25104 7 864671 912269 47598
233 24975 7 801137 1059894 258757
414 24925 8 1093826 1100990 7164
452 25003 7 695332 1030579 335247
559 25040 7 899759 933434 33675
95 25144 8 935450 953592 18142
375 25163 7 824349 1050984 226635
503 25050 7 787706 894130 106424
429 25109 9 694569 904185 209616
290 25032 10 760454 912196 151742
353 25088 8 745174 992346 247172
420 25062 8 710156 979093 268937
226 25057 7 708729 853434 144705
325 24833 8 751895 984268 232373
609 25149 7 781096 892119 111023
208 25045 7 903388 1074695 171307
412 24988 8 977502 1034391 56889
636 25049 8 1000934 1106591 105657
81 25035 9 962068 1211675 249607
448 24945 8 724132 1038361 314229
365 25146 7 1040705 1049948 9243
146 24931 8 701620 878336 176716
98 24885 7 824464 1051239 226775
393 25045 8 766771 892596 125825
553 24964 7 720968 858219 137251
566 24932 7 724265 923998 199733
369 25031 7 734841 954271 219430
307 24890 8 816117 919752 103635
237 25059 7 912527 985559 73032
485 24918 8 885813 933564 47751
176 24969 8 743555 1132427 388872
221 25110 8 676246 951842 275596
444 24982 9 876849 987969 111120
452 25002 7 677677 950055 272378
552 24926 7 764587 855261 90674
327 25004 8 746304 933640 187336
314 25470 8 825602 943766 118164
511 25224 8 772096 902966 130870
238 25455 8 758821 873233 114412
272 25330 7 809948 921677 111729
210 25453 8 854717 1099329 244612
231 25391 8 769919 1052623 282704
127 25375 7 776261 1098621 322360
57 25470 8 927635 993327 65692
719 25426 8 922927 1133107 210180
159 25315 8 816970 942337 125367
630 25271 9 954515 989294 34779
742 25474 8 695116 948452 253336
283 25418 8 867878 955449 87571
194 25418 8 767824 968611 200787
613 25426 8 662598 950665 288067
354 25327 7 705868 949626 243758
314 25248 8 740482 1062041 321559
223 25394 7 977573 1018601 41028
859 25448 7 861372 967691 106319
224 25588 8 750278 903993 153715
285 25360 7 805902 1115737 309835
416 25392 8 831784 1027433 195649
948 25428 8 834720 923845 89125
547 25372 8 828398 835238 6840
195 25321 8 780367 995724 215357
677 25232 7 713587 950714 237127
195 25528 7 828199 1031483 203284
133 25276 10 877942 945246 67304
780 25462 7 838533 965105 126572
295 25460 8 867837 915330 47493
282 25295 7 901657 1075637 173980
379 25512 8 795079 950320 155241
95 25494 8 833612 1070929 237317
186 25409 8 675378 1048780 373402
171 25397 7 964928 1272068 307140
328 25429 7 734314 981004 246690
155 25473 8 905325 975074 69749
88 25354 8 801479 975832 174353
140 25347 9 733741 978172 244431
127 25331 8 778418 983151 204733
88 25351 7 783668 866849 83181
188 25192 8 728532 938767 210235
271 25440 8 696055 995749 299694
64 25397 7 738092 1045802 307710
638 25321 7 688910 926995 238085
145 25237 8 736693 851256 114563
315 25458 8 779626 948469 168843
469 25369 7 900530 1039084 138554
265 25403 7 851691 945865 94174
305 25458 7 890014 1017213 127199
360 25702 8 724100 939891 215791
542 25737 7 782901 1135890 352989
207 25783 7 894821 1080012 185191
217 25766 7 879075 1022174 143099
161 25838 7 1011067 1056613 45546
420 25705 8 727741 892258 164517
323 25640 9 863900 1025106 161206
263 25748 8 735014 991794 256780
403 25632 7 901151 1139447 238296
291 25786 8 782667 818295 35628
671 25954 8 900397 935581 35184
328 25692 7 803954 958761 154807
175 25731 8 846769 1106316 259547
282 25622 8 859984 987293 127309
261 25842 7 896928 998744 101816
241 25727 9 816831 984304 167473
104 25727 8 923503 1029362 105859
78 25694 9 762251 893090 130839
54 25751 8 937467 1123091 185624
433 25785 8 761583 922132 160549
232 25741 7 751466 963017 211551
222 25725 7 715177 918209 203032
158 25729 7 805072 1102664 297592
373 25820 8 905723 907975 2252
376 25645 7 870867 1020674 149807
255 25753 7 920288 1101317 181029
332 25898 7 712632 954270 241638
364 25725 9 870437 1090813 220376
569 25812 7 1027872 1056626 28754
147 25657 8 788204 933272 145068
554 25778 8 957291 1091306 134015
178 25679 7 746668 1038847 292179
234 25785 9 789283 1126527 337244
406 25742 7 728876 1013878 285002
435 25840 8 950903 970265 19362
212 25723 7 769606 1084616 315010
219 25729 9 764880 887029 122149
190 25846 7 781619 895691 114072
228 25742 7 828991 1065536 236545
358 25859 7 854600 930344 75744
473 25694 8 950053 1111478 161425
579 25824 7 864495 1239078 374583
144 25755 8 850799 911927 61128
451 25843 7 661696 962544 300848
281 25643 8 708927 871428 162501
535 25807 8 852912 969402 116490
394 25826 8 819218 1006011 186793
553 25789 7 667529 1208136 540607
91 25863 7 745872 935579 189707
142 25714 7 824311 1103655 279344
