210 4017 6 98574 121487 22913
140 4040 7 104138 157819 53681
182 4019 7 94949 141728 46779
66 4040 7 106237 125860 19623
93 3995 6 141302 158362 17060
70 4044 6 229632 263968 34336
222 4064 7 112905 122978 10073
287 4069 7 118062 139352 21290
173 3992 6 94204 126575 32371
90 4095 6 120019 129002 8983
140 4086 7 90417 130574 40157
157 4039 6 113445 146490 33045
218 4066 6 101673 120613 18940
120 4035 7 121626 142624 20998
176 4002 6 89917 136374 46457
188 4046 6 101352 122288 20936
59 4047 6 109985 125758 15773
69 4053 6 101352 120315 18963
55 4028 6 179107 190121 11014
112 4046 7 91470 146329 54859
140 4087 6 97780 137039 39259
359 4051 7 113791 176317 62526
179 4064 9 104974 131874 26900
95 4084 7 97751 127047 29296
101 4046 7 101993 137875 35882
105 3996 6 97340 135608 38268
133 4028 6 110023 142522 32499
176 4097 6 97869 140780 42911
217 4017 8 101888 140513 38625
96 4018 7 153332 156138 2806
36 4060 8 97623 118309 20686
267 4041 7 111024 129696 18672
116 4079 7 89272 145694 56422
45 4066 6 115392 144665 29273
63 4098 7 126785 144918 18133
205 3992 6 109552 122231 12679
184 4031 7 91355 118167 26812
126 4062 7 93918 133652 39734
67 4047 7 97121 127415 30294
140 4031 6 93808 145011 51203
105 4054 7 101921 157086 55165
78 4123 7 133147 138963 5816
177 4086 6 108632 141365 32733
121 4034 6 102120 128758 26638
111 4050 7 111231 178012 66781
160 4067 6 93514 145575 52061
29 3984 6 96052 120983 24931
169 4063 7 97536 139866 42330
76 4103 7 101008 127719 26711
66 4046 7 104515 117475 12960
60 4389 7 120425 153485 33060
150 4403 7 138509 161313 22804
85 4420 6 100379 178375 77996
96 4347 6 116022 154089 38067
65 4456 7 127708 129223 1515
89 4365 7 109119 131414 22295
229 4457 6 134296 157378 23082
147 4424 6 121181 137478 16297
58 4374 7 150851 179510 28659
150 4471 6 111441 143871 32430
97 4355 6 122075 130588 8513
51 4441 7 118388 149297 30909
133 4442 7 121559 183993 62434
270 4414 6 100980 130463 29483
207 4425 8 124638 148270 23632
48 4425 6 103785 140994 37209
179 4414 6 126511 138359 11848
122 4413 6 111785 144817 33032
180 4455 7 122365 144671 22306
137 4452 7 127741 179700 51959
140 4429 6 114262 148377 34115
30 4423 7 109087 144527 35440
114 4425 6 117375 152031 34656
240 4388 7 119002 155321 36319
399 4415 6 104796 151596 46800
103 4433 7 121249 134983 13734
233 4473 7 107497 125186 17689
210 4461 7 118818 155062 36244
141 4386 6 102107 135139 33032
130 4413 7 124138 144839 20701
83 4380 6 102290 143319 41029
143 4449 7 122216 155886 33670
189 4431 7 103592 163625 60033
113 4436 8 110313 140954 30641
128 4342 7 115400 163009 47609
169 4402 7 127049 147659 20610
236 4411 7 119924 143766 23842
183 4389 7 100688 127307 26619
157 4417 6 142484 163048 20564
59 4358 7 127304 165383 38079
196 4371 6 116080 155538 39458
113 4401 8 111010 146805 35795
23 4391 7 125035 152819 27784
181 4437 7 106894 135340 28446
92 4377 6 111505 125914 14409
112 4453 6 116923 134411 17488
94 4363 7 110891 123376 12485
193 4411 7 114831 143713 28882
123 4440 7 100704 148631 47927
135 4422 7 118136 138343 20207
136 4755 7 123285 136969 13684
85 4759 7 164147 178056 13909
58 4803 7 128608 138611 10003
164 4807 7 117354 174212 56858
208 4808 6 111607 147458 35851
41 4755 8 127384 161148 33764
122 4744 7 113084 155525 42441
44 4778 7 106197 147910 41713
147 4819 9 122989 193624 70635
98 4796 7 111879 182249 70370
106 4820 8 131099 153742 22643
54 4789 7 124717 158386 33669
111 4790 7 126712 154050 27338
238 4734 7 122007 161302 39295
116 4783 8 128544 172866 44322
107 4858 7 129060 162147 33087
265 4783 7 141114 145712 4598
35 4764 6 116370 147633 31263
108 4798 7 124495 141883 17388
161 4781 7 141279 189004 47725
195 4792 8 138908 151897 12989
201 4888 7 166624 210499 43875
247 4834 8 131207 179518 48311
58 4740 7 121970 179194 57224
113 4815 6 124190 134068 9878
38 4819 7 162781 193801 31020
147 4810 7 173132 179954 6822
81 4821 7 179987 201842 21855
90 4864 7 133336 238469 105133
58 4813 7 133072 142871 9799
173 4757 6 126899 147563 20664
33 4764 6 132511 208897 76386
220 4804 7 131996 161616 29620
116 4797 7 116369 176558 60189
183 4774 7 116195 155714 39519
233 4755 7 113932 155619 41687
219 4753 7 116531 146585 30054
105 4699 6 140280 152989 12709
65 4781 8 133219 164618 31399
51 4795 7 122888 152699 29811
185 4750 7 111849 193175 81326
72 4825 8 142235 158207 15972
56 4720 7 128100 147336 19236
276 4738 7 143130 148027 4897
180 4705 7 117314 152208 34894
157 4801 6 116025 142833 26808
133 4855 6 169960 176576 6616
148 4749 6 133262 178123 44861
81 4835 6 102980 149083 46103
125 4809 6 124888 185408 60520
214 5164 6 145519 155377 9858
104 5114 8 145778 168613 22835
54 5153 6 186229 196379 10150
325 5156 8 140157 161856 21699
245 5150 6 115939 162930 46991
156 5071 7 149903 183603 33700
209 5127 7 120875 174644 53769
177 5167 8 142671 195271 52600
188 5115 7 119778 203016 83238
138 5131 6 126733 167192 40459
164 5175 7 126741 157529 30788
190 5118 7 124248 170479 46231
103 5111 7 151759 197186 45427
47 5130 8 139051 161643 22592
102 5171 6 150685 183278 32593
115 5112 7 140248 200154 59906
69 5117 7 130196 156002 25806
21 5162 6 125459 172216 46757
111 5084 7 111257 143713 32456
109 5153 6 182542 201762 19220
111 5143 7 159838 183164 23326
388 5186 7 145411 186615 41204
25 5139 6 129775 159842 30067
213 5133 7 145280 164093 18813
71 5145 7 112093 160369 48276
184 5170 7 172610 191798 19188
218 5105 7 152389 185580 33191
159 5096 7 139316 167618 28302
224 5167 6 161246 184540 23294
145 5126 6 136709 163031 26322
306 5193 7 182131 186977 4846
225 5084 8 162765 182046 19281
83 5123 6 134398 167628 33230
145 5198 6 127772 152035 24263
132 5149 6 142635 217671 75036
97 5050 7 134634 221841 87207
340 5180 7 141057 182233 41176
160 5110 8 152512 177285 24773
177 5138 7 171418 176675 5257
279 5128 7 156382 188575 32193
48 5146 7 134168 190706 56538
134 5129 6 132469 161789 29320
48 5167 8 134831 177762 42931
166 5113 6 121670 206785 85115
250 5143 7 131822 163696 31874
74 5088 7 117168 173808 56640
224 5109 7 156309 210665 54356
154 5127 7 133582 194607 61025
31 5096 8 186191 191793 5602
162 5164 6 120350 182984 62634
209 5534 7 157048 206226 49178
239 5542 7 147781 209521 61740
156 5527 6 178622 188123 9501
85 5572 7 147555 219167 71612
103 5531 6 186908 209918 23010
83 5571 7 159706 175354 15648
143 5530 8 181384 181947 563
226 5488 6 148254 171275 23021
267 5478 9 129455 210305 80850
254 5496 6 133665 178409 44744
155 5483 7 137511 178634 41123
346 5455 6 148712 182200 33488
44 5511 7 162284 177025 14741
192 5534 7 138000 180094 42094
104 5559 7 169874 180054 10180
117 5500 6 156260 202713 46453
120 5580 8 157845 187681 29836
170 5602 8 133554 174092 40538
54 5559 7 134100 211656 77556
197 5554 7 169554 194819 25265
219 5595 6 141258 171537 30279
138 5520 8 190066 195697 5631
51 5548 7 162443 198774 36331
199 5467 7 135568 168872 33304
289 5456 6 168456 200845 32389
266 5518 8 120793 172337 51544
151 5487 7 146372 217373 71001
134 5531 7 138851 179259 40408
202 5559 6 131527 172797 41270
171 5502 6 133944 158297 24353
86 5571 7 129504 177466 47962
121 5514 8 130996 164556 33560
294 5527 7 157215 195956 38741
176 5474 7 136859 183823 46964
106 5545 6 138083 164703 26620
153 5528 7 141265 201011 59746
201 5540 6 169027 255597 86570
160 5559 7 175192 200145 24953
129 5515 6 156840 200775 43935
139 5497 7 129185 184113 54928
233 5571 7 147048 183056 36008
39 5512 7 132966 170573 37607
209 5567 8 148023 210926 62903
365 5573 6 175109 179993 4884
154 5461 7 151542 197991 46449
281 5552 7 127045 174792 47747
257 5458 7 181585 193846 12261
92 5488 7 173403 249387 75984
85 5583 9 182351 211894 29543
63 5546 7 148785 174505 25720
112 5923 7 131615 185676 54061
325 5945 7 208545 213395 4850
110 5907 7 179596 198685 19089
166 5868 7 205861 217076 11215
179 5854 7 178514 218058 39544
36 5827 7 161018 189297 28279
234 5886 7 146840 181502 34662
133 5906 7 150170 201470 51300
60 5883 6 188974 214237 25263
267 5894 7 139561 189190 49629
43 5899 7 187832 197540 9708
146 5896 7 152974 214223 61249
224 5849 7 189860 228378 38518
94 5874 6 123555 209002 85447
400 5871 7 190419 219325 28906
349 5949 7 175122 197298 22176
189 5915 7 157804 208095 50291
209 5909 7 178076 189137 11061
213 5893 7 157829 210139 52310
172 5919 6 170956 194759 23803
121 5893 7 136827 185286 48459
176 5925 8 203028 206675 3647
217 5904 7 191581 206428 14847
125 5814 6 166667 196530 29863
83 5854 6 150250 178953 28703
256 5924 7 174193 190179 15986
222 5786 7 174609 208509 33900
88 5897 7 179264 219710 40446
191 5866 6 159545 218120 58575
192 5879 8 167663 206042 38379
75 5860 6 144549 195741 51192
247 5942 7 176371 196386 20015
102 5940 7 138129 188715 50586
90 5879 7 148089 192888 44799
115 5958 6 169502 183028 13526
151 5882 8 189099 202242 13143
96 5947 6 224408 237068 12660
155 5830 7 170986 189452 18466
42 5887 7 157299 204151 46852
126 5917 7 222658 235310 12652
87 5890 8 146095 178892 32797
362 5856 6 165270 177443 12173
91 5875 7 144489 187858 43369
241 5903 7 182130 217887 35757
60 5888 6 182865 203686 20821
73 5905 7 171016 197508 26492
29 5932 7 152025 171602 19577
124 5819 6 189161 211216 22055
107 5886 7 154792 206650 51858
160 5915 7 169246 199823 30577
214 6181 8 181613 214273 32660
213 6282 9 146813 215670 68857
110 6304 7 175882 223066 47184
109 6252 8 165805 239341 73536
179 6225 8 180409 239284 58875
279 6236 6 189462 213518 24056
165 6239 6 172119 189874 17755
154 6258 7 154848 208881 54033
105 6234 7 185427 206398 20971
90 6248 7 179409 214424 35015
109 6297 8 160725 203577 42852
117 6243 7 147107 193229 46122
248 6170 7 155779 189100 33321
130 6235 7 156473 182727 26254
80 6259 6 163936 225719 61783
106 6313 8 160602 190194 29592
228 6262 7 158900 219771 60871
31 6254 6 185147 225492 40345
104 6336 6 203452 259216 55764
109 6260 9 155837 222919 67082
116 6273 6 171758 265854 94096
237 6186 6 188907 214604 25697
175 6291 8 160458 199733 39275
90 6342 6 167577 205285 37708
192 6295 6 150219 182977 32758
84 6254 8 166545 207416 40871
190 6258 6 181074 255969 74895
216 6264 6 180031 190562 10531
148 6307 6 180360 236940 56580
77 6287 8 164033 222543 58510
64 6254 7 160151 189212 29061
79 6236 8 185418 204318 18900
75 6207 7 216216 257336 41120
208 6290 7 180205 186856 6651
122 6302 8 169954 225706 55752
155 6226 7 157379 199540 42161
275 6279 6 192150 223314 31164
49 6218 9 150476 234683 84207
234 6201 6 181383 207289 25906
48 6202 8 146351 227506 81155
305 6244 8 174909 226399 51490
75 6288 8 202150 220046 17896
108 6189 7 168403 197579 29176
236 6317 8 155435 194255 38820
264 6293 7 154168 264258 110090
53 6281 7 170493 227882 57389
30 6241 6 194083 215091 21008
277 6230 7 169692 207675 37983
185 6285 8 171630 217291 45661
161 6288 8 189851 228077 38226
134 6618 8 175773 241261 65488
265 6608 6 204789 218106 13317
185 6651 6 234631 302437 67806
45 6582 6 183753 237666 53913
188 6610 7 205893 241675 35782
144 6644 6 214940 236574 21634
95 6589 7 160291 207191 46900
233 6710 7 202390 260361 57971
319 6592 7 181749 230181 48432
150 6572 7 144651 212518 67867
98 6576 6 169307 214677 45370
416 6599 6 204638 263742 59104
298 6608 7 174864 247928 73064
117 6626 7 170256 293789 123533
138 6575 7 195494 222140 26646
112 6669 7 152830 276615 123785
188 6580 6 188218 245659 57441
119 6621 6 175152 219166 44014
70 6609 7 229432 262547 33115
196 6602 7 178950 262098 83148
276 6613 8 171988 238062 66074
167 6561 7 157791 204766 46975
87 6672 8 223670 232031 8361
250 6611 6 175104 270546 95442
392 6625 7 168530 209820 41290
17 6662 7 184810 241435 56625
128 6610 7 180124 278317 98193
44 6569 8 146517 238248 91731
202 6614 6 218263 262494 44231
135 6668 7 194298 204537 10239
199 6604 7 163666 288146 124480
47 6628 7 166380 194025 27645
379 6620 7 189943 217510 27567
349 6613 7 157809 215221 57412
139 6630 6 170799 220003 49204
117 6699 6 211915 218802 6887
140 6658 6 193998 223045 29047
318 6643 7 165189 226347 61158
141 6674 6 182985 197265 14280
239 6692 8 190899 248563 57664
23 6683 8 186134 202131 15997
199 6677 7 162524 232626 70102
76 6711 7 169027 301665 132638
350 6562 8 163335 196341 33006
125 6642 7 205825 251822 45997
273 6577 7 186947 229385 42438
222 6621 6 162486 214149 51663
135 6631 7 185071 221230 36159
131 6601 7 175275 200747 25472
76 6597 7 174888 206157 31269
158 6990 7 196923 240718 43795
124 6989 7 192315 260795 68480
213 7032 7 186110 226079 39969
152 7020 8 247832 282196 34364
121 6967 6 229697 247853 18156
290 7029 7 201087 218972 17885
261 7033 6 214953 241027 26074
80 6903 8 180751 255877 75126
120 6998 6 305329 317520 12191
98 6968 7 188929 220024 31095
69 6954 6 185677 211677 26000
141 6980 7 167177 245091 77914
60 6986 8 169712 220765 51053
179 6994 7 194406 264304 69898
59 6997 8 175313 244849 69536
367 6932 8 210071 326751 116680
52 6972 7 219376 225063 5687
140 7058 7 236332 246648 10316
306 6937 7 183126 274095 90969
132 6977 7 232409 257568 25159
150 6953 7 194403 226623 32220
136 6930 6 209823 225015 15192
313 7052 8 195282 250018 54736
255 7010 7 195066 264714 69648
72 6938 6 178871 288828 109957
168 7006 7 198290 220194 21904
143 6915 6 201162 282363 81201
20 6997 6 193692 328487 134795
133 6992 7 173120 265228 92108
104 6996 7 175207 237095 61888
96 6999 7 253681 264598 10917
228 6933 8 255064 285592 30528
209 6940 7 161778 259403 97625
260 6990 7 197463 249082 51619
92 6994 7 207390 256547 49157
229 6994 7 194673 244262 49589
265 7040 7 205200 243843 38643
83 6939 7 240804 242552 1748
49 6985 6 200063 264201 64138
205 6973 7 198217 267471 69254
114 7004 7 184558 250729 66171
157 6988 8 209120 237770 28650
176 6928 7 200652 268330 67678
392 6956 7 180038 280775 100737
173 7000 8 190823 287652 96829
78 6952 7 185870 243966 58096
131 6983 8 207394 227227 19833
207 6997 7 183531 272687 89156
236 6997 8 171508 248952 77444
109 7012 7 219756 256974 37218
145 7376 7 179937 232700 52763
370 7252 7 206909 280055 73146
202 7382 7 219489 231661 12172
275 7369 7 197179 221757 24578
162 7329 7 251071 263299 12228
164 7414 7 259383 259938 555
180 7379 7 166208 241528 75320
77 7320 7 208231 295958 87727
136 7343 7 181309 261742 80433
168 7266 8 186771 284289 97518
16 7387 6 194117 231560 37443
148 7339 7 187896 244574 56678
158 7364 7 205071 248209 43138
69 7398 6 233364 244915 11551
521 7330 7 195994 300573 104579
156 7346 6 189251 247518 58267
234 7311 7 200604 236155 35551
293 7426 9 172130 246427 74297
116 7376 7 163914 221688 57774
247 7415 7 226641 259796 33155
128 7390 6 221326 271427 50101
36 7319 7 226291 273154 46863
192 7327 7 223956 293063 69107
62 7380 7 182579 277948 95369
340 7393 7 180958 255398 74440
69 7396 7 173111 235062 61951
225 7450 8 268194 288324 20130
185 7350 7 245277 291259 45982
168 7321 7 190948 225507 34559
344 7348 6 185951 257383 71432
412 7344 7 245700 262014 16314
137 7368 7 208119 216678 8559
332 7379 7 192251 229966 37715
88 7419 7 235961 272168 36207
218 7360 7 211087 252372 41285
19 7309 6 215376 267238 51862
137 7409 8 220396 289515 69119
108 7381 7 185629 256329 70700
197 7363 7 214583 232702 18119
164 7401 7 208033 236242 28209
273 7335 8 187666 274648 86982
291 7328 7 201628 281476 79848
130 7326 7 181584 272090 90506
134 7344 7 191420 263753 72333
111 7368 7 214303 242992 28689
140 7381 7 228605 335935 107330
201 7365 8 198465 242345 43880
273 7331 7 236967 257934 20967
139 7309 7 226015 280562 54547
292 7385 8 205333 233976 28643
