265 33392 8 1102472 1409226 306754
395 33465 8 1057947 1202702 144755
156 33659 8 943707 1327747 384040
520 33437 7 974649 1325351 350702
426 33426 8 1010516 1287546 277030
656 33433 9 1000136 1365254 365118
309 33469 8 1183826 1396435 212609
300 33573 8 1108646 1210004 101358
308 33496 8 980167 1391548 411381
332 33443 7 1114439 1443083 328644
643 33516 8 1263754 1286537 22783
223 33557 7 956455 1244405 287950
284 33302 9 1254837 1550545 295708
299 33495 8 997794 1258021 260227
269 33563 8 1196454 1265593 69139
382 33554 7 1020618 1190442 169824
262 33386 8 1172933 1834394 661461
587 33542 9 932804 1334763 401959
640 33595 8 1086939 1299347 212408
180 33629 7 1529985 1561300 31315
237 33367 8 1123723 1695261 571538
211 33470 7 962578 1291020 328442
491 33670 8 972899 1306330 333431
346 33422 8 962600 1240695 278095
427 33565 8 1113223 1359358 246135
276 33402 8 1124658 1524827 400169
228 33527 8 1001799 1363624 361825
587 33513 8 1355338 1369961 14623
193 33600 8 925844 1205942 280098
319 33345 7 1073547 1499006 425459
693 33464 7 1010297 1278273 267976
436 33446 8 1028415 1287921 259506
442 33495 7 1040870 1244922 204052
572 33648 8 1246499 1344847 98348
379 33515 7 1060873 1199034 138161
262 33372 8 1041647 1311780 270133
629 33375 8 1029203 1147526 118323
983 33332 8 1134591 1312180 177589
243 33523 7 918355 1443221 524866
371 33577 8 1122772 1245658 122886
351 33465 7 1054543 1374947 320404
194 33311 8 1062289 1333954 271665
378 33668 8 995799 1321277 325478
352 33528 7 1177586 1304234 126648
171 33535 9 919424 1222166 302742
766 33564 7 930165 1513962 583797
415 33371 7 961715 1296295 334580
757 33489 8 1070076 1361485 291409
549 33516 7 943591 1246546 302955
388 33473 8 964318 1500121 535803
628 33783 7 1439874 1465933 26059
551 33759 7 1369231 1448922 79691
422 33819 7 1048995 1401017 352022
383 33767 8 1338504 1355807 17303
235 33824 7 1171455 1384068 212613
656 33878 8 1227335 1387367 160032
476 33817 8 1014721 1283062 268341
454 33844 8 954850 1421674 466824
673 33661 8 947555 1370128 422573
296 33782 8 1021648 1345079 323431
489 33922 8 1036695 1440285 403590
156 33818 7 1106082 1310237 204155
351 33742 8 1026218 1276460 250242
270 33735 7 977247 1299133 321886
310 33823 8 959714 1210867 251153
620 33964 8 1341902 1367188 25286
523 33860 8 918819 1137408 218589
363 33867 8 957924 1301385 343461
483 33846 8 1160127 1321086 160959
336 33821 8 1165119 1335794 170675
326 33823 8 1032099 1269411 237312
616 33836 8 1079791 1302420 222629
314 33986 8 1002971 1340382 337411
34 33651 7 1077649 1241594 163945
382 33826 7 1462595 1478487 15892
874 33828 8 1039149 1378128 338979
910 33751 7 983185 1327859 344674
486 33749 8 1059269 1455984 396715
432 33765 7 1298225 1477874 179649
947 33880 7 1152665 1263455 110790
280 33934 8 1013747 1312631 298884
248 33916 9 971373 1276941 305568
382 33784 7 1112855 1281561 168706
655 33798 8 949949 1209077 259128
280 33828 7 1410929 1790095 379166
115 33873 9 1027277 1339983 312706
401 33825 8 1066390 1420971 354581
216 33824 7 1095909 1289028 193119
261 33844 8 1122810 1395582 272772
158 33890 8 1025070 1306885 281815
593 33742 9 1206500 1532114 325614
558 33972 9 1202541 1398501 195960
251 33832 7 1126103 1204672 78569
545 33735 7 1268124 1317221 49097
181 33850 8 1088020 1392751 304731
361 33777 8 1006340 1331878 325538
205 33846 8 1034632 1557830 523198
385 34001 8 1245233 1349275 104042
185 33788 8 1053355 1275142 221787
202 33801 8 951466 1370381 418915
776 34319 7 1509178 1515890 6712
118 34293 8 1175335 1258203 82868
484 34205 8 998045 1271301 273256
445 34216 8 1278573 1387003 108430
635 34229 7 1000482 1296313 295831
206 34314 8 1081302 1194288 112986
275 34286 8 969940 1659579 689639
317 34133 7 1096558 1378451 281893
141 34282 8 1051249 1172380 121131
420 34239 7 1181484 1439081 257597
661 34050 7 959978 1275332 315354
592 34417 8 1235990 1520971 284981
398 34146 9 1073443 1271797 198354
355 34253 8 1060302 1428447 368145
449 34246 7 1094024 1233426 139402
330 34231 8 1220887 1483044 262157
413 34050 8 1183940 1426704 242764
501 34294 8 1197020 1258351 61331
391 34234 8 1188834 1289906 101072
741 34238 7 1281045 1459455 178410
520 34389 7 1105316 1385948 280632
229 34215 7 1077301 1506507 429206
558 34102 8 1211689 1535975 324286
408 34466 8 1245232 1413800 168568
575 34197 8 1060880 1499508 438628
394 34232 8 1002597 1201888 199291
286 34111 7 1155199 1323847 168648
933 34364 8 1237038 1455154 218116
68 34173 8 1059180 1231763 172583
161 34277 7 1199361 1314207 114846
404 34155 7 982892 1331732 348840
563 34376 7 1114512 1388061 273549
187 34326 8 1292936 1335271 42335
406 34201 7 1021146 1422625 401479
93 34177 7 1081943 1369742 287799
307 34332 10 1011180 1211571 200391
366 34125 7 1289643 1479749 190106
485 34083 7 1070940 1394417 323477
439 34118 8 1132677 1291486 158809
395 34294 8 1217781 1335124 117343
355 34155 7 1020063 1252974 232911
219 34115 8 1273106 1334057 60951
152 34257 7 1180001 1260549 80548
264 34279 8 1043244 1190932 147688
450 34159 8 1063718 1388745 325027
378 34243 8 1189173 1446368 257195
107 34270 7 1065105 1456964 391859
221 34260 7 1290523 1490857 200334
447 34211 10 1158600 1237661 79061
323 34202 7 1032696 1364411 331715
369 34634 8 1395482 1515827 120345
163 34589 7 1068477 1122692 54215
321 34464 8 1021771 1548977 527206
235 34649 8 1229050 1286029 56979
380 34695 7 1093665 1375743 282078
323 34381 7 1169608 1379119 209511
184 34482 7 1194133 1280009 85876
402 34457 8 1031382 1172831 141449
136 34626 8 1170715 1551134 380419
298 34371 8 1061488 1293460 231972
413 34679 8 973736 1301119 327383
510 34617 7 1082377 1308881 226504
308 34544 8 1025058 1454582 429524
522 34639 8 1266764 1447452 180688
434 34546 8 1106066 1256138 150072
572 34362 8 1115042 1308791 193749
140 34537 7 1099050 1387333 288283
477 34617 7 1377619 1574648 197029
295 34505 8 1224439 1354303 129864
261 34671 7 1090941 1278256 187315
263 34740 9 1220755 1540679 319924
512 34621 8 1327243 1490442 163199
248 34581 7 1188244 1492345 304101
250 34518 8 1064861 1223638 158777
11 34647 9 1210370 1454642 244272
207 34731 7 1172289 1227991 55702
297 34372 7 1169995 1277940 107945
404 34635 9 936432 1394719 458287
544 34608 8 1279641 1321438 41797
590 34662 9 1078708 1239114 160406
633 34623 8 1080269 1283658 203389
444 34723 8 1221139 1414324 193185
308 34527 9 1211622 1547817 336195
239 34440 7 1029796 1428922 399126
408 34481 8 1035961 1606723 570762
742 34465 7 1126074 1749600 623526
322 34599 7 1138538 1307667 169129
450 34597 8 1138955 1198934 59979
251 34671 7 1031630 1249795 218165
141 34611 7 1185890 1448705 262815
449 34743 8 1055653 1371850 316197
265 34636 8 1098552 1244300 145748
350 34560 7 1379346 1584199 204853
678 34577 8 1053678 1231958 178280
311 34629 8 1092117 1468598 376481
683 34610 8 1035716 1217657 181941
251 34464 8 1185915 1446915 261000
78 34594 8 1362281 1430232 67951
100 34537 8 1038413 1599043 560630
301 34543 9 1108086 1385132 277046
275 35058 8 1130129 1418696 288567
47 34848 8 1007196 1400948 393752
289 35096 7 1100439 1400461 300022
1025 35043 8 1176911 1341862 164951
235 35022 8 1076933 1254172 177239
78 34829 7 997742 1297622 299880
46 34980 7 972291 1284852 312561
614 34944 9 1365536 1478952 113416
392 34914 7 1143781 1372260 228479
213 34835 8 1103990 1295278 191288
488 34873 8 1114938 1251162 136224
425 34991 8 1405325 1626439 221114
513 35020 7 1233818 1594257 360439
248 34922 8 1173321 1257061 83740
199 34843 8 1115897 1336081 220184
468 34936 8 1078205 1514228 436023
578 34961 8 1163878 1418747 254869
312 34915 8 1105550 1419540 313990
351 34928 8 1354554 1391189 36635
175 34880 7 1119762 1560241 440479
482 34960 7 1241121 1526337 285216
326 34948 7 1261569 1265389 3820
644 34957 8 1230818 1489893 259075
652 34971 8 1233388 1481451 248063
262 34886 7 1014919 1580493 565574
439 35035 8 1110979 1293723 182744
513 34941 8 1073344 1321203 247859
403 35112 8 1196368 1718120 521752
402 34876 7 1017867 1277008 259141
338 34940 8 1066650 1273430 206780
549 35156 9 1008505 1262891 254386
507 34988 8 1202544 1258847 56303
416 35055 8 1275500 1315829 40329
274 35092 9 1040454 1476522 436068
191 35080 7 937517 1211918 274401
498 34933 7 1407497 1607977 200480
151 34892 8 1176789 1424436 247647
153 34950 9 1035256 1313367 278111
716 35018 8 1110035 1356898 246863
179 34868 9 1107172 1322846 215674
115 34972 8 1032720 1513845 481125
612 35042 9 1267057 1295257 28200
398 34913 7 1243388 1477255 233867
217 34983 8 1081336 1257977 176641
441 34866 8 1186355 1212757 26402
689 34967 9 1175789 1432548 256759
371 34930 8 1281096 1284084 2988
232 34929 8 928681 1560163 631482
400 34994 7 1103161 1368113 264952
187 35056 7 1139045 1275222 136177
217 35275 7 1223803 1519982 296179
439 35353 8 1308430 1863926 555496
247 35277 8 1049147 1245672 196525
553 35268 8 1039266 1481479 442213
278 35408 7 1574212 1644907 70695
333 35327 8 1097296 1522198 424902
552 35445 10 1317057 1358081 41024
521 35279 8 1237777 1480666 242889
255 35299 7 1112967 1455105 342138
702 35414 8 1051933 1411433 359500
365 35341 8 1043566 1267107 223541
375 35431 7 998313 1755148 756835
247 35065 7 1104103 1242159 138056
341 35192 8 1197312 1416678 219366
252 35117 8 1030864 1620020 589156
253 35259 8 1153888 1448550 294662
390 35401 8 1204456 1618841 414385
244 35305 8 1070148 1289851 219703
148 35160 8 1035959 1375271 339312
658 35330 8 1012638 1424532 411894
362 35439 8 1259034 1455947 196913
397 35461 8 1174962 1451257 276295
316 35274 8 1013515 1354014 340499
371 35203 8 1108215 1229446 121231
195 35261 8 1132470 1527526 395056
534 35285 8 1137360 1351379 214019
292 35188 8 1244013 1570298 326285
731 35388 7 1155279 1379539 224260
555 35420 7 1362127 1456064 93937
401 35365 8 1133031 1383979 250948
506 35409 7 1065268 1532487 467219
174 35296 7 1336385 1477990 141605
532 35428 9 1217882 1566509 348627
560 35259 8 1120613 1328601 207988
143 35178 8 1104402 1312164 207762
649 35361 8 1062142 1652151 590009
408 35278 8 2045555 2182346 136791
490 35412 8 1174281 1350488 176207
611 35324 7 1099600 1294677 195077
202 35169 8 1022218 1235894 213676
514 35344 8 1191489 1257977 66488
470 35301 8 1157864 1340645 182781
564 35425 8 1204245 1311227 106982
99 35030 8 1268016 1575408 307392
350 35283 7 1398668 1518099 119431
530 35176 8 1204657 1396568 191911
185 35433 7 1235153 1311505 76352
204 35439 9 1067846 1321440 253594
163 35380 8 1293071 1442165 149094
133 35312 8 1108835 1476893 368058
326 35958 7 1171389 1362665 191276
221 35709 8 1143701 1589581 445880
451 35694 8 1059393 1503606 444213
300 35610 7 1180064 1358000 177936
611 35718 7 1148438 1299626 151188
455 35636 8 1163396 1202086 38690
486 35548 7 1209683 1483404 273721
421 35731 8 1211412 1607021 395609
833 35667 7 1139132 1338941 199809
353 35725 9 1180617 1313471 132854
605 35652 7 1025630 1328414 302784
296 35739 8 1104533 1444792 340259
155 35488 9 1045242 1650930 605688
334 35671 8 1260155 1435166 175011
167 35601 8 1255805 1476667 220862
312 35681 7 1191523 1340303 148780
755 35717 8 1145442 1813385 667943
534 35715 8 1445837 1490063 44226
200 35561 7 1205479 1376164 170685
404 35633 7 1179681 1374713 195032
320 35548 8 1287938 1607748 319810
485 35624 7 1452146 2085127 632981
673 35749 8 1125873 1391291 265418
513 35750 9 1010307 1410176 399869
288 35755 7 1085150 1346866 261716
575 35600 8 1240210 1370306 130096
703 35813 7 1062292 1476055 413763
359 35652 7 1236335 1608685 372350
227 35619 7 1144961 1456302 311341
500 35658 8 1254793 1399941 145148
199 35638 7 1137143 1523912 386769
411 35690 8 1220067 1389126 169059
161 35534 8 1038897 1364038 325141
254 35580 8 1228741 1425814 197073
206 35613 8 1188327 1588598 400271
451 35725 8 1192888 1449536 256648
566 35702 7 1116462 1751086 634624
368 35754 8 1081924 1337271 255347
466 35738 7 1125638 1301845 176207
237 35744 8 1336280 1851213 514933
274 35825 8 1071785 1422273 350488
243 35656 7 1074897 1447994 373097
102 35741 8 1097331 1395650 298319
352 35656 7 1754385 1768042 13657
377 35702 8 997051 1513273 516222
106 35594 7 1260098 1660768 400670
722 35596 8 1098336 1408416 310080
288 35693 7 1086484 1513928 427444
978 35811 10 1399233 1607918 208685
162 35675 7 1276656 1478371 201715
153 36054 8 1320140 1496183 176043
95 35977 7 1208376 1388214 179838
819 35998 8 1087347 1297664 210317
735 36067 7 1167832 1576038 408206
296 36012 7 960844 1431857 471013
295 36143 7 1100109 1635529 535420
167 36006 8 1041961 1213446 171485
455 35984 8 1171438 1408180 236742
229 36013 8 1278155 1514784 236629
436 35993 7 1146944 1399322 252378
437 36053 7 1039523 1299480 259957
382 35999 9 959798 1407826 448028
387 36064 8 1257478 1494416 236938
130 36134 7 1190623 1598637 408014
659 35983 9 1065652 1246963 181311
506 36131 7 1358743 1413113 54370
686 36040 7 1090475 1434464 343989
907 35945 9 1134553 1406059 271506
235 36025 8 1231632 1532214 300582
433 35920 7 1084240 1615601 531361
263 36023 8 1106273 1247090 140817
329 35970 8 1332395 1394172 61777
367 35835 8 1313729 1634636 320907
240 36180 7 1120406 1315665 195259
480 36029 8 1021709 1480617 458908
569 36173 7 1045624 1378159 332535
444 36118 9 1130037 1483186 353149
112 36181 8 1078517 1541304 462787
765 35955 9 1095938 1404108 308170
658 36241 8 1182837 1352240 169403
359 36015 7 1320877 1484671 163794
502 36103 7 1157456 1414127 256671
349 35974 8 1150887 1511716 360829
291 36023 8 1221111 1447353 226242
724 36065 8 1214591 1522567 307976
462 35951 8 1050573 1360556 309983
395 36088 8 1113031 1460997 347966
366 36250 9 1145547 1544373 398826
505 36072 7 1120619 1599960 479341
162 35918 9 1162668 1372242 209574
421 35972 8 1071460 1256349 184889
572 35992 8 1100260 1367074 266814
477 36026 9 1169488 1577682 408194
498 35973 7 1212944 1250581 37637
1005 35964 7 1278924 1367754 88830
256 35970 8 1228158 1479657 251499
242 36135 8 1087085 1386747 299662
158 36070 9 1001985 1334905 332920
670 36094 8 1117025 1391688 274663
561 35990 8 1037581 1678481 640900
397 36399 7 1203215 1253906 50691
314 36225 7 1161105 1353338 192233
599 36295 9 1195295 1510859 315564
673 36526 8 1136559 1405594 269035
164 36475 8 1102046 1388548 286502
597 36481 8 1272200 1618710 346510
916 36426 7 1266859 1530505 263646
484 36449 9 1215117 1263467 48350
161 36479 8 1078348 1601112 522764
371 36439 7 1299627 1787119 487492
568 36500 8 1118785 1364379 245594
433 36434 8 1346551 1492343 145792
672 36612 8 1327193 1459467 132274
69 36745 8 1160306 1356983 196677
460 36377 8 1233733 1414275 180542
519 36431 8 1194843 1337520 142677
830 36463 8 1154854 1418941 264087
573 36242 7 1122968 1282450 159482
595 36490 8 1214068 1572182 358114
363 36454 8 1236980 1894906 657926
566 36369 8 1120691 1403959 283268
100 36408 8 1159808 1370022 210214
548 36403 7 1348012 1435051 87039
376 36453 7 1276128 1666780 390652
924 36359 7 1129329 1506339 377010
466 36446 8 1117524 1378128 260604
93 36409 7 1194582 1484278 289696
352 36452 8 1100179 1300478 200299
417 36309 8 1192300 1389051 196751
84 36306 10 1035298 1358312 323014
591 36494 7 1113240 1351494 238254
681 36451 8 1081821 1547064 465243
431 36365 8 1147456 1389033 241577
495 36563 8 1136420 1313448 177028
227 36546 8 1145872 1247368 101496
121 36428 7 1185825 1566385 380560
569 36375 9 1383381 1559313 175932
414 36420 8 1214260 1548916 334656
162 36482 7 1070299 1349613 279314
267 36348 8 1156748 1581160 424412
304 36450 7 1085797 1446079 360282
99 36336 8 1084149 1740680 656531
155 36437 9 1113098 1375416 262318
839 36335 7 1105694 1481061 375367
344 36595 7 1319178 1411519 92341
376 36425 8 1157871 1949525 791654
98 36506 7 1196449 1278082 81633
407 36383 8 1055884 1865390 809506
428 36409 8 1280960 1476504 195544
163 36334 7 1293128 1523883 230755
269 36853 7 1122720 1395962 273242
371 36620 7 1275424 1428421 152997
180 36744 8 1189083 1438268 249185
249 36833 8 1110684 1582587 471903
531 36916 7 1653773 1779546 125773
171 36733 8 1119184 1356791 237607
688 36774 7 1138785 1382391 243606
235 36799 10 1137673 1752094 614421
191 36772 8 1239284 1261213 21929
57 36890 8 1168981 1488554 319573
277 36761 7 1191021 1394656 203635
550 36707 8 1131821 1408166 276345
159 36663 7 1041191 1498571 457380
184 36705 7 1108919 1380190 271271
641 36788 9 1087076 1353789 266713
179 36949 9 1449321 1750987 301666
332 36654 7 1213690 1607246 393556
685 37015 8 1125202 1444732 319530
594 36800 8 1289047 1438969 149922
280 37001 7 939192 1340381 401189
133 36875 8 1351068 1436272 85204
669 36752 8 1193094 1534643 341549
476 36771 8 1197242 1486856 289614
380 36672 9 1144194 1425427 281233
29 36847 8 1270115 1540946 270831
473 36969 7 1246190 1436294 190104
492 36719 7 1262184 1545243 283059
320 36886 8 1111401 1523922 412521
504 36979 10 1383596 1670378 286782
282 36787 7 1114167 1741636 627469
323 36736 7 1209430 1491689 282259
131 36807 8 1118570 1507881 389311
706 36846 8 1180261 1490407 310146
617 36618 9 1435105 1656843 221738
364 36758 8 1402495 1641244 238749
538 36730 7 1057723 1310256 252533
646 36598 8 1142663 1343943 201280
485 36858 8 1193247 1561558 368311
88 36705 9 1183719 1486651 302932
148 36830 7 1497016 1830783 333767
77 36806 8 1156365 1460746 304381
81 36892 8 1088869 1508711 419842
369 36890 8 1238673 1427484 188811
86 36796 8 1144574 1535680 391106
234 36885 7 1357479 1543070 185591
277 36752 7 1247705 1440576 192871
169 36735 7 1189885 1380906 191021
439 36675 7 1167054 1381943 214889
283 36954 8 1142080 1358715 216635
613 36705 8 1075786 1484403 408617
