98 11324 7 334607 399608 65001
235 11386 8 376120 403623 27503
118 11414 7 282444 429163 146719
271 11412 8 308950 409762 100812
247 11354 7 363649 432714 69065
420 11352 8 392850 394898 2048
30 11433 7 495966 508881 12915
96 11429 7 324256 397460 73204
146 11473 7 324939 449275 124336
210 11334 8 292390 383110 90720
120 11347 7 320339 379476 59137
262 11443 7 329966 408278 78312
170 11459 7 370965 440220 69255
39 11469 8 329809 371579 41770
166 11377 8 326466 394534 68068
318 11336 7 356148 383087 26939
123 11466 8 330338 399296 68958
262 11467 9 375866 415268 39402
68 11349 7 330975 466925 135950
261 11339 7 293775 419468 125693
123 11441 7 510258 511758 1500
382 11365 8 295119 357834 62715
173 11354 8 383929 467840 83911
27 11355 7 316363 370868 54505
146 11456 8 365855 406213 40358
224 11371 8 362552 453276 90724
432 11467 7 395214 453469 58255
138 11462 7 325531 419653 94122
491 11436 7 314091 410068 95977
242 11519 7 383133 501721 118588
276 11472 7 361440 409434 47994
277 11398 7 310617 401796 91179
319 11413 9 294930 453473 158543
527 11409 8 329108 414641 85533
339 11448 7 413889 553469 139580
416 11282 7 339154 435327 96173
292 11347 7 373493 410744 37251
151 11490 6 429678 436779 7101
372 11430 9 313490 437886 124396
277 11370 7 304440 564979 260539
156 11518 7 300951 413009 112058
200 11496 7 370410 404732 34322
292 11460 8 304813 425700 120887
203 11466 7 350933 422955 72022
334 11396 7 411398 422498 11100
391 11393 7 384068 419994 35926
387 11354 7 378439 447831 69392
209 11361 7 385946 438906 52960
56 11421 8 379251 494805 115554
107 11411 7 328696 490157 161461
309 11690 7 392224 415446 23222
43 11784 7 322330 413676 91346
245 11662 8 320364 458935 138571
110 11753 7 447778 449730 1952
185 11802 7 340266 406773 66507
261 11745 7 348925 483412 134487
116 11790 8 302503 418039 115536
319 11840 6 356127 400811 44684
169 11818 8 341237 398062 56825
324 11815 7 333977 501097 167120
130 11779 8 321574 399171 77597
30 11755 7 299849 421403 121554
278 11814 7 400352 461130 60778
182 11707 8 350587 471668 121081
81 11752 6 285525 374200 88675
54 11793 8 368398 475390 106992
151 11731 7 406638 445020 38382
225 11803 7 321819 416899 95080
338 11697 6 362253 417192 54939
173 11811 7 324504 463201 138697
89 11836 8 354272 479134 124862
172 11728 7 394592 402965 8373
225 11755 6 329299 417353 88054
132 11838 7 306668 409515 102847
342 11765 9 363796 511650 147854
125 11708 8 299976 377863 77887
343 11881 8 334800 380430 45630
34 11771 8 348151 451510 103359
125 11716 8 340216 362492 22276
290 11810 8 307454 455686 148232
330 11744 7 345792 379701 33909
163 11854 7 360676 439072 78396
37 11695 7 344883 395931 51048
98 11770 7 368144 395065 26921
209 11742 8 383422 557646 174224
294 11735 8 448837 615049 166212
169 11709 7 327349 466220 138871
41 11813 7 334845 425456 90611
267 11746 7 338702 416047 77345
335 11830 7 315824 445751 129927
303 11662 7 332173 415405 83232
149 11784 7 371643 408017 36374
231 11751 7 330393 420748 90355
108 11656 7 335469 451348 115879
521 11821 7 405284 432877 27593
139 11732 7 313997 406453 92456
245 11818 7 331525 415551 84026
339 11603 7 338193 415902 77709
352 11735 7 381451 480475 99024
451 11667 8 352746 422320 69574
43 12187 7 349864 430136 80272
233 12145 8 308515 413192 104677
300 12260 8 337574 521813 184239
63 12226 7 361944 431335 69391
156 12118 7 359237 502010 142773
189 12088 7 320595 411516 90921
252 12275 7 323967 418791 94824
161 12114 7 322454 421548 99094
301 12102 7 331076 466831 135755
53 12002 7 343478 420259 76781
277 12042 8 452169 500552 48383
533 12130 8 405583 457297 51714
76 12112 9 314757 421384 106627
289 12187 8 401278 555823 154545
141 12114 7 399315 437139 37824
328 12086 7 345136 462639 117503
257 12068 7 348844 436421 87577
250 12238 7 375713 466332 90619
248 12195 7 344124 436524 92400
139 12102 7 301313 436265 134952
297 12133 7 337813 396625 58812
351 12248 7 344570 532052 187482
326 12088 8 362128 418455 56327
161 12127 6 510448 521019 10571
480 12077 7 351008 454071 103063
298 12124 8 292835 419758 126923
344 12192 7 333299 417740 84441
80 12171 7 292984 399543 106559
172 12178 7 331172 518497 187325
171 12154 7 365594 402550 36956
90 12170 7 337281 484304 147023
423 12187 8 409031 547356 138325
408 12103 9 390193 569711 179518
410 12159 6 420388 425055 4667
44 12131 7 348333 476410 128077
229 12156 7 348450 417165 68715
310 12104 7 372465 536866 164401
300 12090 7 373324 456732 83408
322 12142 7 361199 432112 70913
378 12194 7 346754 396290 49536
331 12127 7 340363 428308 87945
500 12045 8 367937 440529 72592
95 12069 7 348491 430700 82209
94 12206 7 310116 487684 177568
262 12140 8 370620 485125 114505
300 12146 8 380808 410995 30187
210 12198 7 380361 446081 65720
45 12071 7 369194 402325 33131
120 12112 9 380460 423862 43402
261 12005 8 348355 502690 154335
181 12498 7 352826 507339 154513
97 12518 7 492036 493036 1000
129 12490 6 422468 467452 44984
157 12349 8 362930 439749 76819
321 12477 7 336735 443591 106856
164 12500 8 354021 599589 245568
320 12449 7 418818 482624 63806
180 12549 8 340988 482639 141651
395 12506 7 366108 509289 143181
222 12470 7 401802 523962 122160
466 12432 8 499568 504094 4526
352 12520 7 310660 385598 74938
246 12544 8 296489 419399 122910
127 12494 9 370824 394180 23356
166 12516 7 348167 451231 103064
299 12528 8 369951 441001 71050
285 12564 8 328404 458499 130095
139 12526 7 321149 425302 104153
383 12430 8 394032 469096 75064
375 12389 7 419575 437664 18089
273 12439 8 388632 453931 65299
137 12509 8 374661 449887 75226
172 12531 8 343764 458820 115056
445 12487 9 391047 489656 98609
253 12529 7 365845 456067 90222
211 12469 7 429893 456345 26452
296 12585 7 404662 451767 47105
112 12538 9 326645 395776 69131
87 12527 6 361940 414566 52626
161 12525 8 351313 384289 32976
239 12515 7 364089 430368 66279
64 12572 8 392823 399329 6506
269 12568 7 395259 412312 17053
68 12476 7 326105 453754 127649
188 12512 7 334185 457816 123631
68 12485 7 356751 509736 152985
119 12467 7 316347 464581 148234
314 12501 7 368091 449753 81662
275 12424 7 428544 442588 14044
489 12536 7 389702 430935 41233
363 12467 7 413252 418221 4969
431 12598 7 509468 593471 84003
178 12495 8 325453 410359 84906
171 12454 7 387915 464339 76424
273 12543 7 438126 517732 79606
197 12465 7 337862 597023 259161
219 12558 7 356052 462813 106761
351 12536 8 356078 580449 224371
145 12401 8 513194 552865 39671
132 12525 8 325517 425992 100475
181 12881 7 342919 493242 150323
260 12834 7 431416 503701 72285
321 12972 7 323563 484248 160685
320 12855 9 344902 432619 87717
207 13003 7 350017 577362 227345
228 12926 7 387276 405476 18200
131 12762 7 416342 471087 54745
363 12793 7 398570 425556 26986
178 12847 8 417521 493956 76435
199 12909 7 391830 470680 78850
83 12847 7 321609 442656 121047
100 12948 7 506135 541199 35064
135 12903 7 399263 515839 116576
232 12933 8 376474 409060 32586
178 12959 7 564922 583384 18462
225 12827 7 366890 438023 71133
171 12931 9 352743 490656 137913
191 12848 7 354189 545293 191104
232 12784 7 390374 471268 80894
141 12923 7 390226 454677 64451
322 12805 7 331950 494217 162267
70 12813 7 411835 597344 185509
63 12858 7 329429 449651 120222
202 12808 7 374707 473270 98563
185 12930 7 367657 392196 24539
236 12953 8 364002 486547 122545
243 12766 7 346315 429135 82820
175 12841 6 464683 479848 15165
182 12903 7 381870 485770 103900
86 12937 8 316017 529906 213889
364 12834 8 356258 468096 111838
258 12910 7 410912 550887 139975
69 12929 7 426543 450388 23845
428 12842 7 406954 479686 72732
167 12819 7 469497 475273 5776
89 12912 7 326831 444621 117790
340 12760 7 340519 464178 123659
221 12729 7 382963 448563 65600
86 12915 8 377986 435147 57161
253 12794 8 386251 714111 327860
480 12844 6 382810 471957 89147
78 12869 7 432122 490009 57887
383 12811 7 403634 464831 61197
263 12867 7 434852 505724 70872
184 12851 7 347469 491914 144445
358 12856 7 342903 401221 58318
446 12932 6 363802 559970 196168
376 12813 7 347808 436143 88335
77 13016 8 396051 580163 184112
239 12853 8 377682 459974 82292
339 13211 7 369963 453725 83762
391 13259 7 343227 550866 207639
119 13221 7 388726 594358 205632
87 13355 8 419532 490067 70535
148 13199 8 430605 463904 33299
51 13195 7 413551 518694 105143
79 13259 6 427827 618301 190474
330 13153 8 448109 521144 73035
72 13305 7 367789 433551 65762
150 13219 8 419483 499585 80102
294 13219 7 392804 450360 57556
315 13256 7 365214 487599 122385
498 13278 7 412189 493128 80939
304 13224 7 470535 518443 47908
174 13238 8 377269 500973 123704
93 13210 8 577080 588624 11544
279 13276 6 380643 468751 88108
319 13197 7 357333 542031 184698
80 13146 7 390282 461429 71147
203 13224 7 395182 473648 78466
479 13199 7 417163 467447 50284
145 13330 7 470107 578869 108762
198 13149 7 330490 434481 103991
144 13243 8 459537 552204 92667
13 13187 6 367347 436013 68666
309 13283 7 348898 468251 119353
392 13277 9 435518 461233 25715
224 13352 8 501400 525036 23636
50 13282 7 489462 489866 404
98 13116 7 455476 578871 123395
122 13269 7 351593 459606 108013
217 13386 7 334355 425441 91086
396 13288 7 391604 521557 129953
104 13238 9 349917 554568 204651
142 13257 7 390291 477670 87379
295 13210 7 419962 631593 211631
147 13191 8 387163 513777 126614
388 13220 8 409043 501688 92645
288 13158 7 445772 562907 117135
71 13223 8 429793 467251 37458
239 13249 7 490873 539815 48942
139 13111 8 391168 504671 113503
200 13278 8 362513 505514 143001
168 13215 7 406969 468782 61813
188 13222 7 342503 526952 184449
142 13179 8 416839 491217 74378
284 13255 7 416783 504768 87985
70 13231 7 357566 611380 253814
170 13265 7 388118 460966 72848
210 13158 7 393137 533323 140186
385 13534 8 483892 496973 13081
214 13657 7 405654 503361 97707
72 13558 8 390818 527939 137121
276 13601 9 361965 468413 106448
632 13679 8 416587 516653 100066
368 13680 8 440531 544164 103633
280 13659 8 408459 489367 80908
180 13675 8 393561 591883 198322
305 13656 8 426015 474284 48269
137 13509 7 397968 481730 83762
262 13572 7 437891 541904 104013
300 13581 7 456941 460616 3675
344 13579 7 384483 490007 105524
199 13556 8 408731 429974 21243
163 13673 7 419634 495340 75706
149 13532 6 350192 465431 115239
122 13631 8 396281 490091 93810
147 13576 8 484691 533126 48435
142 13616 8 360578 588621 228043
119 13565 8 384761 462516 77755
333 13606 7 368966 525758 156792
105 13513 7 405184 435213 30029
246 13531 8 393177 460417 67240
319 13677 7 392336 489239 96903
229 13633 7 395813 589654 193841
186 13589 8 463036 536045 73009
340 13698 8 378432 527469 149037
118 13736 7 389004 588877 199873
233 13598 7 489406 501001 11595
103 13612 7 380670 488929 108259
350 13526 6 407185 519755 112570
134 13639 8 372765 535065 162300
75 13614 7 437494 614261 176767
217 13553 7 375682 527451 151769
390 13599 8 390592 731782 341190
356 13631 7 479544 558038 78494
148 13684 8 407053 436251 29198
346 13757 7 367301 450000 82699
118 13614 7 371932 466900 94968
226 13549 8 413203 589461 176258
227 13651 9 351336 471121 119785
473 13622 7 405637 487225 81588
299 13500 6 435912 475980 40068
313 13604 8 391717 545832 154115
239 13541 7 448709 462181 13472
246 13583 7 430697 479379 48682
330 13674 7 385080 466867 81787
89 13631 7 335252 511551 176299
259 13507 7 417074 555207 138133
285 13590 7 526575 565825 39250
230 13894 8 501812 536292 34480
523 13912 6 501080 515059 13979
120 13952 7 483513 557838 74325
340 14031 7 537285 537444 159
388 13972 7 418163 512904 94741
397 14113 7 419676 588819 169143
188 13912 7 410776 450288 39512
383 14078 6 533159 543152 9993
444 14035 7 414341 541715 127374
107 13982 7 363610 533381 169771
139 14030 7 438108 650459 212351
335 13974 7 407435 478575 71140
206 13978 7 459324 544260 84936
321 14021 8 431254 479871 48617
183 14011 8 519215 525100 5885
130 13938 7 385001 547252 162251
303 13992 7 432755 485199 52444
534 13884 6 424878 514888 90010
83 13912 7 375432 477759 102327
310 14020 7 622756 775790 153034
128 14009 8 467900 614921 147021
250 13906 8 572725 620023 47298
322 14006 8 380398 595657 215259
79 13953 8 427932 588248 160316
153 13984 7 432091 507283 75192
75 13998 7 450409 508526 58117
214 13880 7 415879 495455 79576
198 14008 7 430022 578612 148590
345 13999 7 425017 593742 168725
269 13956 8 431371 500247 68876
273 14016 7 379793 545895 166102
220 14001 7 496269 543471 47202
170 14097 7 369448 512995 143547
287 13946 7 418909 530036 111127
202 14084 7 373979 491440 117461
252 13932 8 468514 501391 32877
427 13983 7 409800 534441 124641
189 14022 7 542593 619233 76640
98 14036 7 460807 465432 4625
194 14017 7 398910 533218 134308
206 14041 7 418529 634849 216320
274 13976 9 489746 493388 3642
405 13913 7 454567 573895 119328
116 13993 7 469729 577645 107916
132 13972 6 418998 567262 148264
639 14029 8 403487 546384 142897
173 13952 7 420444 490836 70392
256 14026 7 424648 469265 44617
109 13964 7 407402 533570 126168
202 13940 7 464550 498809 34259
353 14399 8 426339 515413 89074
223 14339 8 381907 491057 109150
254 14393 8 413833 479883 66050
281 14265 7 444491 506859 62368
284 14429 7 486047 506178 20131
121 14369 8 428157 583091 154934
159 14321 7 425231 514063 88832
218 14282 7 377241 569883 192642
353 14365 7 442210 592955 150745
239 14264 7 442087 489979 47892
143 14345 7 448623 553199 104576
292 14276 7 411110 564375 153265
360 14430 7 453544 574022 120478
186 14329 7 419627 524667 105040
176 14239 8 400216 513737 113521
695 14250 7 558321 582838 24517
207 14337 8 441274 558914 117640
316 14504 8 526552 597202 70650
239 14268 7 522792 630404 107612
139 14349 7 442917 517852 74935
188 14307 8 464021 563599 99578
233 14399 8 409192 469494 60302
91 14364 7 392098 449926 57828
246 14319 7 401080 512012 110932
114 14423 7 480442 570746 90304
151 14232 7 408311 513575 105264
196 14206 7 429340 527000 97660
183 14408 7 458485 595759 137274
222 14319 7 373616 517708 144092
207 14434 7 410186 506269 96083
291 14244 7 383888 515164 131276
166 14343 7 485304 637327 152023
28 14319 7 421545 575623 154078
231 14300 7 620466 638718 18252
137 14396 8 469762 597143 127381
197 14266 7 409778 513621 103843
161 14371 7 441253 558920 117667
127 14260 8 411759 495993 84234
523 14510 8 552445 556698 4253
295 14216 9 388644 539063 150419
118 14372 8 406079 468680 62601
429 14352 7 459829 594917 135088
305 14330 7 427524 532908 105384
102 14367 7 484410 570549 86139
149 14408 7 461390 493579 32189
111 14354 7 432981 580750 147769
83 14385 7 422830 602131 179301
266 14339 8 457956 585239 127283
70 14270 8 547886 603489 55603
591 14363 7 403963 519326 115363
237 14713 7 450607 516030 65423
352 14636 8 472867 552917 80050
126 14740 8 386517 482164 95647
85 14745 8 419892 568081 148189
52 14662 8 471539 491531 19992
399 14674 8 566593 586617 20024
142 14747 7 433912 533098 99186
514 14678 8 449581 512868 63287
43 14649 7 413178 522733 109555
394 14749 7 488733 521728 32995
107 14748 8 445677 568568 122891
300 14783 7 429693 522142 92449
108 14757 7 485893 489457 3564
409 14673 7 476296 505931 29635
532 14642 7 369959 513514 143555
276 14739 8 405714 540090 134376
328 14756 7 496019 557521 61502
194 14639 7 511373 624580 113207
350 14755 8 451154 574793 123639
232 14773 7 501141 535042 33901
63 14731 7 594075 609473 15398
294 14782 8 431989 590399 158410
423 14643 7 438789 513611 74822
250 14604 7 408890 552396 143506
366 14827 8 518524 557857 39333
207 14697 6 422592 483376 60784
117 14738 7 548638 569415 20777
223 14754 7 497768 587418 89650
75 14684 8 424410 499022 74612
324 14729 8 469307 519257 49950
292 14819 6 435254 460519 25265
238 14664 7 414331 658206 243875
515 14609 8 472727 537587 64860
174 14732 7 490082 502087 12005
127 14771 8 381195 439661 58466
216 14689 7 466136 517251 51115
59 14686 8 537874 577437 39563
238 14621 8 504297 711691 207394
287 14921 7 440695 636419 195724
362 14711 8 469348 576728 107380
481 14806 8 479400 529664 50264
247 14734 7 403220 641307 238087
253 14614 7 439733 497773 58040
312 14703 7 451430 516167 64737
256 14659 8 411619 569268 157649
86 14729 8 382350 518867 136517
334 14650 7 502200 527440 25240
385 14765 8 513534 634919 121385
265 14656 7 437527 523381 85854
312 14734 7 428879 513437 84558
