557 29851 8 956515 1068562 112047
553 29745 8 854185 1216693 362508
341 29799 9 909266 1157585 248319
548 29768 7 1045072 1149884 104812
117 30031 8 904838 1267371 362533
105 29613 8 781256 1191258 410002
571 29837 8 778686 1124640 345954
220 29851 7 909129 1165676 256547
401 29824 8 1003262 1066421 63159
90 29776 7 809202 1219559 410357
402 29916 7 1110177 1161517 51340
202 29783 8 1087185 1153325 66140
224 29620 8 973248 1180695 207447
226 29850 7 1006663 1116191 109528
402 29708 7 906315 1208399 302084
403 29740 8 960519 1078276 117757
510 29981 10 1184309 1251590 67281
32 29603 8 1135819 1147693 11874
374 29872 8 1019667 1322483 302816
516 29810 8 1083475 1208350 124875
487 29847 8 819294 1059630 240336
130 29934 9 848200 1023291 175091
362 29627 7 1175492 1217894 42402
353 29738 7 1001570 1136627 135057
307 29715 8 1034459 1089603 55144
500 29889 8 969230 1072667 103437
534 29779 8 922357 1294144 371787
608 29975 8 872376 1087249 214873
464 29681 7 1082510 1176339 93829
589 29858 8 961146 1143072 181926
19 29779 7 947899 1337582 389683
155 29730 7 1155222 1258209 102987
155 29938 7 946555 1322804 376249
420 29805 8 973202 1287973 314771
203 29784 7 884972 987458 102486
370 29634 7 941364 1170425 229061
300 29925 8 1124103 1321311 197208
356 29732 9 974689 1117583 142894
401 29741 7 901133 1362658 461525
466 29850 8 1299841 1578455 278614
284 29600 8 1022976 1106517 83541
525 29806 7 959732 1279911 320179
618 29760 9 894365 1224387 330022
236 29733 8 1225913 1549100 323187
400 29670 7 874463 1353803 479340
128 29835 9 851929 1064209 212280
375 29889 8 875995 1158004 282009
278 29842 7 1012858 1361593 348735
195 29931 7 1000316 1098282 97966
454 29855 8 965853 1077084 111231
558 30167 8 957223 1131514 174291
145 30140 7 1103411 1152788 49377
391 30168 7 978774 1069781 91007
441 30149 8 1065204 1108921 43717
89 30009 8 939762 1126213 186451
198 30131 8 1142530 1271559 129029
377 30323 8 1162845 1367766 204921
195 30165 7 1021844 1141800 119956
483 30327 8 884760 1179650 294890
69 30339 8 1111707 1178235 66528
282 30064 7 876785 1118832 242047
370 30337 9 851326 1155330 304004
524 30007 7 895195 1249444 354249
136 30070 8 945291 1287439 342148
46 30138 8 983972 990655 6683
321 30145 7 983360 1155963 172603
220 30205 7 902046 1380399 478353
219 30139 8 921694 1140206 218512
285 30147 8 962639 1053927 91288
71 30156 9 996024 1278828 282804
285 30172 8 915831 1311854 396023
445 30192 9 802213 1385268 583055
541 30118 7 969234 1242033 272799
577 30221 7 989888 1153387 163499
215 30140 7 855536 1018167 162631
192 30057 7 971808 1192248 220440
71 30200 8 1056053 1379195 323142
386 30063 8 999749 1165974 166225
329 30210 7 862094 1114206 252112
225 30175 7 1041792 1196882 155090
263 30316 8 1119503 1129302 9799
128 30182 7 912448 1188378 275930
270 29967 7 932124 1122821 190697
532 30283 8 898226 1162333 264107
965 30072 7 890161 995192 105031
38 30163 8 916741 1140098 223357
159 30266 8 857995 1103580 245585
191 30206 8 921130 1046548 125418
480 30188 7 1198642 1499087 300445
357 30065 8 987609 1094989 107380
325 30293 7 911879 1171924 260045
296 30007 8 1023489 1300401 276912
461 30167 9 1073670 1155270 81600
133 29876 8 950005 1265153 315148
238 30135 7 1115654 1225791 110137
133 30216 8 905667 1220283 314616
81 30248 8 941840 1117414 175574
222 30138 9 892778 1139329 246551
634 30032 7 937916 1327251 389335
348 30084 8 874888 1062609 187721
157 30732 8 1080289 1158010 77721
663 30528 7 1104678 1138083 33405
228 30433 8 1080420 1175433 95013
746 30509 7 859947 1184662 324715
107 30459 7 1203886 1270228 66342
119 30734 7 949521 1288576 339055
286 30555 8 1048519 1171415 122896
343 30689 7 963832 1092041 128209
257 30381 8 1053618 1155125 101507
279 30734 8 857770 1127204 269434
729 30542 8 884299 1264784 380485
112 30308 7 890188 1158994 268806
224 30510 7 992150 1096841 104691
131 30617 8 1067043 1241951 174908
258 30423 7 1094243 1288721 194478
154 30466 8 957924 1234376 276452
402 30413 9 1007201 1197261 190060
581 30519 7 929009 1261904 332895
451 30455 7 929530 1291563 362033
724 30688 8 989029 1347181 358152
138 30476 8 972920 1197165 224245
248 30458 8 898144 1115603 217459
85 30565 8 1029205 1126929 97724
91 30608 8 994229 1353331 359102
102 30492 7 1017723 1153072 135349
176 30687 8 1099667 1145774 46107
409 30608 8 1085270 1396501 311231
348 30609 7 966486 1197376 230890
72 30447 8 1001457 1103944 102487
178 30610 7 1069644 1170890 101246
133 30558 7 1043709 1191295 147586
632 30496 8 1156690 1164644 7954
317 30544 8 853033 1123813 270780
357 30604 8 920388 1208697 288309
304 30511 8 893840 1207360 313520
429 30611 7 1054443 1175898 121455
208 30625 7 869082 1208489 339407
192 30405 7 1158078 1328429 170351
274 30543 9 907270 1064028 156758
301 30638 7 1034447 1184195 149748
481 30661 7 1018876 1210657 191781
215 30617 8 1024710 1362700 337990
284 30602 7 1007139 1184762 177623
457 30650 7 879370 1348301 468931
674 30485 7 1081732 1176321 94589
332 30425 7 961766 1191857 230091
410 30557 7 1005781 1128209 122428
505 30575 9 850920 1078215 227295
307 30572 8 1053721 1214321 160600
108 30501 7 865491 1151020 285529
142 30928 8 1047045 1157333 110288
434 30831 7 1163054 1203683 40629
498 31046 8 1021508 1151875 130367
583 30767 7 1028161 1120905 92744
516 30921 8 897101 1223498 326397
486 30890 8 995914 1320701 324787
181 30985 9 1105199 1300147 194948
246 30828 8 877080 1240865 363785
403 30862 8 1125916 1226444 100528
574 30764 8 1047528 1163348 115820
309 30866 8 955732 1198929 243197
138 30876 7 1022867 1280807 257940
392 30823 7 894606 1307290 412684
494 31000 8 1082599 1363581 280982
507 30947 7 1005268 1223585 218317
407 31041 8 936504 1325262 388758
639 30978 8 940159 1089513 149354
211 30904 8 877848 1213946 336098
117 30961 8 821589 1191840 370251
443 30995 8 890945 1202190 311245
434 30931 8 943317 1323508 380191
259 31121 7 1063951 1285919 221968
256 30734 8 974844 1170618 195774
570 31059 8 1240040 1324069 84029
524 31001 8 1003075 1180854 177779
190 30981 7 969450 1117269 147819
646 31012 8 868435 1158948 290513
277 30900 7 907431 1299959 392528
252 31060 7 814485 1278217 463732
586 30826 7 1056012 1112727 56715
459 30931 8 1407384 1505551 98167
92 30804 8 1146203 1230338 84135
165 30844 9 973123 1232986 259863
124 30926 9 1040707 1198438 157731
270 31029 8 969097 1113937 144840
384 30897 8 1169142 1199922 30780
570 30904 7 1015106 1348755 333649
666 30903 7 1126233 1215736 89503
726 30948 7 847127 1199892 352765
182 30870 8 1037488 1346385 308897
299 30901 7 972051 1279423 307372
234 30980 8 976650 1211486 234836
602 30941 7 950922 1275968 325046
858 30924 8 1056257 1269678 213421
364 30850 7 935127 1107555 172428
53 30700 8 1062287 1118409 56122
316 31034 8 1152893 1280647 127754
564 30883 8 917196 1213574 296378
350 30982 7 956031 1228841 272810
202 30705 7 999473 1070484 71011
453 31350 9 1143104 1213071 69967
714 31177 8 1240693 1265020 24327
314 31135 7 1169757 1279899 110142
211 31178 8 949152 1096018 146866
218 31277 8 993198 1295094 301896
451 31234 8 946978 1132029 185051
357 31397 7 1015512 1167735 152223
208 31181 7 979808 1264765 284957
499 31377 8 1101150 1137514 36364
258 31261 8 939514 1095220 155706
182 31324 8 919166 1236942 317776
251 31353 8 964849 1137201 172352
769 31217 8 1082250 1325169 242919
413 31326 7 896110 1264003 367893
356 31361 8 1045533 1246869 201336
208 31228 8 1036575 1160505 123930
510 31507 7 931745 1153240 221495
333 31333 8 1057369 1347716 290347
506 31248 8 1016747 1077867 61120
234 31426 7 982148 1085942 103794
352 31307 8 1033682 1318255 284573
785 31287 7 1062551 1179553 117002
359 31309 9 1027302 1118410 91108
408 31037 8 1057604 1164511 106907
288 31271 7 957058 1204204 247146
186 31184 8 1054532 1212510 157978
565 31096 7 1429939 1477826 47887
180 31148 7 995782 1530785 535003
179 31181 8 1159779 1333171 173392
485 31248 8 879267 1182060 302793
187 31448 7 915271 1090071 174800
646 31251 8 981088 1300729 319641
332 31156 7 1014902 1179259 164357
409 31135 8 956999 1181420 224421
269 31332 8 1041599 1333440 291841
163 31183 11 954979 1187628 232649
371 31233 7 963338 1381142 417804
46 31269 8 856637 1051269 194632
602 31294 8 1033868 1409636 375768
666 31423 7 1026801 1171726 144925
280 31138 8 1104812 1120548 15736
338 31369 7 911314 1159661 248347
336 31287 7 871715 1172107 300392
259 31264 7 1007618 1245864 238246
551 31289 8 1012985 1252489 239504
458 31304 7 1093647 1209566 115919
320 31295 8 826538 1386992 560454
349 31340 8 913080 1255691 342611
224 31371 7 961229 1226889 265660
376 31193 7 959840 1090412 130572
533 31635 7 1050760 1146140 95380
265 31607 7 1162092 1252137 90045
133 31612 8 1038815 1265616 226801
622 31586 8 1236208 1244362 8154
506 31760 7 962047 1344930 382883
444 31622 7 1023592 1229053 205461
648 31534 8 967333 1327941 360608
558 31642 8 1011540 1243995 232455
327 31800 7 916399 1168507 252108
254 31523 7 1008284 1250046 241762
72 31663 7 1377696 1484790 107094
91 31700 8 950599 1232056 281457
555 31627 7 868019 1137405 269386
346 31653 8 976343 1135192 158849
594 31651 8 990254 1293039 302785
240 31725 9 932745 1269552 336807
507 31749 8 1113055 1198478 85423
162 31743 7 1086172 1246979 160807
195 31680 7 1053784 1261331 207547
492 31635 8 1050891 1218206 167315
405 31554 9 1197893 1262904 65011
179 31609 8 1013736 1230762 217026
765 31777 7 1191256 1338747 147491
377 31713 7 981705 1370538 388833
373 31500 8 959268 1097628 138360
149 31625 7 955506 1452438 496932
219 31608 7 1052202 1244084 191882
229 31592 7 958718 1243171 284453
433 31535 8 1083406 1476285 392879
281 31779 7 995344 1152794 157450
200 31696 8 921860 1323315 401455
625 31468 7 974534 1308244 333710
57 31669 8 1030863 1319988 289125
563 31697 7 961650 1624948 663298
380 31627 7 1030086 1097093 67007
573 31573 8 926812 1265032 338220
324 31680 8 915761 1097538 181777
397 31655 11 1016335 1116803 100468
564 31701 8 951996 1230836 278840
154 31657 7 1108528 1322315 213787
721 31633 7 916010 1170499 254489
672 31780 8 912548 1299211 386663
146 31701 7 926601 1356905 430304
294 31600 10 1131097 1241758 110661
777 31839 8 1220772 1328431 107659
553 31548 7 1041255 1882067 840812
273 31602 8 1093938 1211987 118049
424 31736 7 1000494 1227182 226688
872 31542 9 915669 1197259 281590
289 31661 7 1245786 1327281 81495
541 31884 8 998569 1357624 359055
128 32069 8 1024089 1335798 311709
359 31901 8 1066667 1221763 155096
308 31937 7 1074819 1380049 305230
574 32040 7 1151867 1182296 30429
298 31888 8 1153373 1236336 82963
209 32043 8 1003668 1269819 266151
200 31862 7 999506 1186237 186731
301 32041 8 1096763 1268096 171333
524 31950 7 1140262 1288462 148200
290 32091 7 928623 1178029 249406
317 32018 8 1175980 1202182 26202
343 31957 8 944215 1166363 222148
712 31818 7 1566720 1567947 1227
237 31942 8 1110931 1484024 373093
689 31888 8 901510 1247258 345748
251 31997 8 1014260 1278244 263984
288 31890 8 956593 1165447 208854
408 32052 7 997701 1194065 196364
379 32028 7 970555 1221987 251432
479 31995 8 1343545 1489448 145903
478 32109 8 1099720 1156798 57078
621 32118 8 908410 1094485 186075
340 32125 7 1047548 1250494 202946
347 31880 7 1064496 1263536 199040
612 31949 8 1115831 1211708 95877
221 31924 8 965908 1222346 256438
511 32054 7 1015961 1435935 419974
575 31961 8 994632 1126372 131740
323 31968 7 1048933 1121098 72165
80 31990 8 964486 1164285 199799
487 31958 8 968452 1301760 333308
357 32033 8 969372 1120209 150837
372 32018 7 1062954 1476734 413780
373 32047 8 1052285 1336105 283820
716 32050 8 931583 1409602 478019
406 31974 7 1113571 1255443 141872
416 32069 7 889853 1391815 501962
610 31936 8 880461 1160472 280011
175 31906 7 1010469 1341304 330835
270 31994 8 949517 1199768 250251
333 32026 8 1031016 1330635 299619
407 31981 8 1128262 1327688 199426
183 32046 7 1167883 1194452 26569
192 31946 7 1088042 1212775 124733
257 32045 7 1057902 1369614 311712
541 32021 8 962082 1238802 276720
605 31838 7 1023896 1277507 253611
164 32172 8 1105305 1353126 247821
294 32004 8 944155 1119065 174910
615 32215 7 1067426 1274080 206654
578 32452 8 923739 1396440 472701
339 32342 9 1101286 1216825 115539
383 32475 8 905321 1226118 320797
168 32375 8 1109455 1178338 68883
175 32356 8 1168640 1413168 244528
325 32287 7 1062562 1511659 449097
555 32384 7 1116814 1194086 77272
340 32270 8 850014 1291128 441114
547 32358 7 1225184 1694366 469182
172 32257 7 1128702 1270706 142004
473 32467 7 1084783 1367767 282984
486 32352 8 1043927 1133871 89944
360 32437 8 1179795 1365781 185986
421 32359 8 933245 1149064 215819
569 32337 7 1238278 1332358 94080
569 32212 8 968791 1338300 369509
371 32466 7 1325887 1583896 258009
116 32477 7 1085838 1207601 121763
550 32438 7 1087087 1217941 130854
71 32346 8 943886 1102928 159042
244 32593 9 913909 1135649 221740
364 32398 7 1231546 1380310 148764
370 32330 8 991941 1100900 108959
43 32242 8 1003855 1611244 607389
141 32400 9 1132391 1192778 60387
69 32399 8 909295 1197941 288646
70 32603 9 1135575 1507551 371976
384 32362 8 1084447 1179456 95009
346 32387 7 948614 1499295 550681
568 32334 7 980853 1195461 214608
531 32279 7 952760 1308037 355277
598 32401 9 923892 1169613 245721
530 32392 7 1037667 1151774 114107
263 32455 7 1126772 1214185 87413
399 32305 7 1002570 1139708 137138
407 32463 7 1003624 1137420 133796
329 32369 8 1145807 1281807 136000
297 32431 8 1001810 1158374 156564
615 32190 7 980907 1388213 407306
362 32412 10 1205456 1456339 250883
219 32427 8 952443 1203852 251409
488 32310 7 1164388 1250890 86502
362 32456 8 1131351 1286322 154971
352 32526 7 874840 1134587 259747
349 32386 7 1038907 1189626 150719
352 32413 8 922777 1194398 271621
588 32415 7 925207 1431285 506078
60 32433 8 1061443 1364005 302562
132 32359 7 1210233 1245896 35663
625 32781 7 1019441 1286879 267438
554 32869 8 994837 1292527 297690
210 32533 8 1118486 1362010 243524
759 32744 8 1010702 1319086 308384
623 32578 7 1133312 1339025 205713
101 32825 7 1217379 1454424 237045
676 32748 7 1115095 1226153 111058
580 32703 7 1128751 1167303 38552
16 32701 7 939759 1362036 422277
294 32796 7 1124619 1510198 385579
362 32770 7 1090083 1229159 139076
175 32692 8 1152475 1297946 145471
775 32665 8 1046807 1329757 282950
644 32739 8 992558 1271432 278874
307 32808 7 938070 1174911 236841
190 32848 8 1049353 1221862 172509
79 32723 7 1078766 1291667 212901
481 32784 8 883013 1138757 255744
373 32660 8 1060605 1302841 242236
109 32667 8 1138384 1271824 133440
405 32779 9 1052339 1328232 275893
164 32873 8 1017800 1237628 219828
442 32805 8 1078405 1328402 249997
128 32798 9 1088266 1176021 87755
550 32711 8 979149 1311738 332589
437 32525 7 1052580 1313530 260950
346 32791 7 1354685 1416166 61481
461 32887 8 978506 1199092 220586
91 32730 8 1152298 1261934 109636
393 32896 8 1149873 1475981 326108
247 32804 8 1076331 1281857 205526
330 32787 9 1064516 1127056 62540
463 32709 9 1046499 1367952 321453
318 32604 7 1178142 1328001 149859
385 32898 7 1229276 1279620 50344
604 32752 7 1179512 1549766 370254
223 32685 8 1072152 1274994 202842
842 32533 7 1091341 1526140 434799
174 32592 8 1212859 1424017 211158
399 32723 8 911162 1388479 477317
215 32556 9 957182 1249860 292678
487 32769 8 1206923 1246945 40022
472 32848 8 1247181 1368266 121085
160 32698 9 934961 1430813 495852
452 32950 7 1095436 1207343 111907
427 32751 7 1091752 1381705 289953
456 32842 8 1426455 1491900 65445
188 32723 7 1160164 1395856 235692
382 32810 8 995105 1251956 256851
608 32726 8 1136684 1272448 135764
305 33016 8 919088 1184454 265366
210 33230 8 1074618 1158302 83684
722 32993 7 1078730 1236231 157501
445 33004 7 1112843 1216303 103460
98 33136 7 1006976 1152422 145446
48 33018 8 1066508 1283766 217258
192 33078 7 1169175 1226661 57486
140 33367 8 1225132 1253691 28559
610 33065 8 1104839 1392312 287473
138 33103 8 945120 1292927 347807
615 33043 7 1091328 1479213 387885
326 33251 8 1098601 1179866 81265
704 33120 7 1055966 1286179 230213
376 33136 8 1288650 1404262 115612
276 33270 7 1092204 1479603 387399
665 33143 7 1156334 1519196 362862
170 33065 8 1014961 1307139 292178
254 33045 9 1003528 1280126 276598
157 33084 7 1059851 1310797 250946
625 33017 8 1046887 1461407 414520
231 33173 7 909296 1231700 322404
418 33212 7 976731 1396942 420211
228 33339 7 1030139 1310433 280294
512 33186 7 897306 1322561 425255
747 33108 8 1225979 1345545 119566
482 33003 8 1085421 1184822 99401
684 33008 9 1375043 1549855 174812
655 33084 7 990195 1374058 383863
231 33236 8 1068936 1205833 136897
224 33063 7 978640 1525733 547093
366 33141 8 979131 1316175 337044
505 33041 8 904334 1491516 587182
363 33208 8 1101142 1494430 393288
187 33158 8 920814 1259212 338398
505 33130 8 1108171 1446040 337869
472 33012 8 1287756 1439936 152180
290 33172 7 1002785 1259973 257188
233 33250 8 1181660 1291691 110031
676 33211 8 1244853 1466208 221355
187 33266 8 1119975 1312572 192597
256 33153 7 1073863 1395374 321511
204 33203 9 1104157 1393245 289088
133 33072 8 967826 1301090 333264
734 33163 6 1075068 1396647 321579
196 33029 7 1048940 1525788 476848
112 33053 8 1065995 1313803 247808
414 33071 10 1290971 1453747 162776
320 33126 8 1118065 1305448 187383
964 33092 8 919877 1387877 468000
507 33025 7 1011358 1241802 230444
