304 15067 8 555619 567810 12191
129 14930 7 472008 526554 54546
366 15023 8 443343 865615 422272
375 15024 6 421589 486829 65240
262 15105 9 410192 548812 138620
260 15125 7 430718 590573 159855
250 15071 8 486509 492361 5852
271 15080 7 478236 580160 101924
188 15073 7 489436 522646 33210
87 15045 7 489819 533643 43824
581 15135 7 551454 753453 201999
392 15037 7 413865 596886 183021
205 15165 7 427431 557133 129702
429 15045 8 425753 491982 66229
139 15048 7 416366 645907 229541
178 15044 7 490872 539950 49078
172 15001 7 457085 519980 62895
426 15035 8 380990 516619 135629
374 15030 7 454119 538175 84056
224 15034 7 528462 547460 18998
325 15251 7 412050 520571 108521
276 15096 7 467033 535686 68653
14 15132 7 475097 565849 90752
119 15044 7 428588 572520 143932
169 15055 7 449675 597420 147745
260 15045 8 412548 643218 230670
418 15111 7 441923 533756 91833
230 15115 7 398724 500623 101899
316 15122 8 529492 555233 25741
240 15058 7 498115 546415 48300
205 15058 7 448736 588405 139669
53 15067 8 435445 553653 118208
156 15138 7 416576 630636 214060
162 15088 7 475693 746474 270781
239 14957 7 464418 510969 46551
216 15058 7 489800 552244 62444
233 15162 7 634268 732141 97873
360 15081 8 411646 523416 111770
338 15152 7 361967 500132 138165
227 15232 7 542947 572342 29395
328 15200 7 454250 689928 235678
329 15071 7 444752 591225 146473
23 15092 7 427312 708910 281598
71 15017 7 424469 514572 90103
288 15148 7 411945 578048 166103
234 15133 7 576423 590520 14097
221 15018 7 448908 588656 139748
327 15141 8 536100 555579 19479
367 15044 6 418554 530620 112066
220 15108 7 478078 562156 84078
135 15436 8 442705 588964 146259
397 15466 7 408181 570724 162543
328 15481 8 466866 689432 222566
497 15398 8 450363 528378 78015
85 15469 7 476085 574124 98039
99 15426 7 510277 540053 29776
168 15395 7 495364 681948 186584
40 15460 7 426295 579744 153449
322 15356 8 447352 630819 183467
73 15514 7 519157 622067 102910
233 15498 7 444758 653655 208897
194 15441 9 423549 559906 136357
341 15524 8 490155 528241 38086
375 15317 7 471576 517966 46390
645 15518 7 499188 797362 298174
250 15449 8 493223 553249 60026
247 15432 8 456567 605002 148435
420 15457 8 543479 628749 85270
222 15545 8 516388 543147 26759
227 15520 7 525660 549174 23514
431 15491 7 428609 567724 139115
185 15461 7 488846 534624 45778
291 15410 7 423878 548896 125018
405 15419 7 401455 491052 89597
92 15567 7 458260 551297 93037
105 15538 8 439586 583275 143689
240 15481 8 479921 563218 83297
130 15541 7 414451 559207 144756
490 15521 7 443438 631680 188242
145 15313 7 458895 554925 96030
136 15483 7 493748 529771 36023
293 15435 8 459499 502474 42975
87 15470 7 540983 607838 66855
331 15436 8 412954 570604 157650
119 15530 7 392825 705089 312264
61 15495 9 458747 505399 46652
234 15538 7 521515 669241 147726
272 15502 8 474707 541182 66475
295 15390 7 416285 637334 221049
137 15401 7 497377 505442 8065
283 15365 8 416142 572616 156474
98 15489 8 481970 538551 56581
309 15417 7 569246 593429 24183
217 15510 8 427432 557191 129759
231 15528 7 397917 557232 159315
124 15490 7 477034 622868 145834
103 15382 7 493338 561364 68026
317 15486 7 515593 585291 69698
492 15441 8 519828 652472 132644
152 15515 7 478872 604979 126107
311 15774 7 460485 574693 114208
290 15847 7 504043 540854 36811
231 15849 7 507568 781471 273903
127 15928 8 598853 652529 53676
335 15844 7 444008 573180 129172
464 15839 7 480972 561564 80592
341 15642 9 585576 669029 83453
77 15815 8 551894 563783 11889
137 15830 7 516457 537825 21368
136 15815 9 479048 666522 187474
286 15738 8 381054 602916 221862
459 15864 8 532530 599363 66833
294 15784 7 449411 613949 164538
159 15790 8 393594 599868 206274
383 15803 8 507934 586366 78432
102 15957 7 557660 581793 24133
378 15889 7 548422 726059 177637
119 15775 7 432017 555549 123532
39 15888 7 494777 564751 69974
349 15798 6 574939 600535 25596
101 15817 7 516828 541455 24627
173 15802 7 651696 688830 37134
189 15810 7 403956 588733 184777
280 15864 7 514769 595565 80796
35 15787 7 463434 581141 117707
21 15828 8 461539 621406 159867
149 15711 8 453209 677076 223867
328 15867 7 584463 624558 40095
213 15925 7 453078 574175 121097
179 15904 7 516728 586926 70198
250 15867 7 428359 549919 121560
235 15953 9 470681 743056 272375
151 15814 7 494516 556566 62050
136 15733 7 537196 559312 22116
154 15773 7 461757 665377 203620
270 15752 7 507262 537776 30514
206 15816 7 501803 539242 37439
237 15801 7 453047 599097 146050
248 15719 7 527252 710175 182923
470 15769 7 470103 612176 142073
417 15889 7 473200 636533 163333
359 15801 8 474793 567554 92761
307 15763 7 547050 609692 62642
513 15775 7 514848 570393 55545
342 15820 7 397908 561456 163548
232 15807 6 488352 581022 92670
396 15720 7 436201 614718 178517
278 15951 8 520561 604962 84401
270 15802 8 544222 646165 101943
275 15885 7 500695 631257 130562
148 16225 7 512016 567009 54993
241 16191 7 511362 630581 119219
158 16166 8 449958 565753 115795
263 16228 7 520096 604447 84351
244 16128 7 482310 641370 159060
509 16184 8 407137 591813 184676
46 16116 8 512719 715790 203071
364 16228 7 475404 526259 50855
204 16259 7 444419 655884 211465
175 16149 7 548156 659499 111343
136 16226 7 460729 599505 138776
342 16100 7 471319 634858 163539
246 16191 6 472746 580801 108055
266 16196 7 502918 656621 153703
491 16218 7 495141 706983 211842
232 16189 6 441218 643880 202662
62 16202 7 438026 652220 214194
206 16160 7 454493 558756 104263
134 16079 7 456410 578569 122159
289 16202 8 458772 528525 69753
148 15985 8 427179 589137 161958
91 16242 8 565232 582632 17400
428 16208 7 463270 581433 118163
256 16150 7 576007 614689 38682
66 16089 7 471469 584454 112985
112 16208 8 434733 555699 120966
132 16229 8 495109 605254 110145
129 16179 8 484991 545228 60237
265 16196 7 484461 598416 113955
390 16139 8 505425 557973 52548
249 16189 7 435161 596661 161500
81 16168 8 505496 668221 162725
105 16225 8 469215 560705 91490
191 16197 7 471623 604785 133162
357 16103 7 436825 531343 94518
255 16017 7 425751 576464 150713
192 16155 7 496023 522465 26442
363 16160 8 481543 602318 120775
145 16197 8 431236 606647 175411
250 16182 7 698931 699081 150
397 16160 7 501617 639854 138237
313 16135 6 533395 657025 123630
186 16163 7 440977 625017 184040
460 16279 7 470347 541664 71317
212 16292 7 502096 729085 226989
27 16209 8 490480 548870 58390
120 16331 8 462042 585795 123753
130 16256 7 542802 590930 48128
80 16191 7 450951 651038 200087
226 16226 8 546978 561068 14090
362 16549 7 486176 578863 92687
224 16527 7 574594 665397 90803
441 16624 8 603970 788845 184875
273 16467 7 483126 619688 136562
355 16575 7 480789 648751 167962
254 16591 8 497041 666702 169661
275 16686 7 490460 629005 138545
90 16587 8 437182 572644 135462
380 16394 7 446683 626099 179416
379 16552 7 470773 703433 232660
211 16449 7 540981 569141 28160
166 16643 7 489831 574767 84936
552 16568 8 531664 641502 109838
253 16373 7 468828 627572 158744
564 16615 8 490333 729732 239399
94 16588 6 654969 662345 7376
159 16529 7 502802 789176 286374
462 16576 8 415809 590292 174483
181 16526 8 491342 546096 54754
132 16396 7 446370 567031 120661
273 16484 8 558907 708516 149609
268 16577 8 472344 513579 41235
200 16512 7 437685 622034 184349
226 16516 7 494260 617374 123114
340 16549 7 516503 551485 34982
303 16653 10 440563 641293 200730
274 16579 8 565683 645298 79615
353 16600 7 487871 622838 134967
171 16478 8 484661 640487 155826
356 16599 7 534843 549751 14908
217 16448 7 543426 545956 2530
95 16478 8 509521 726393 216872
128 16671 8 522051 700000 177949
271 16582 7 501334 628694 127360
182 16487 7 620875 649837 28962
26 16514 7 525283 687580 162297
282 16519 7 487089 559360 72271
524 16531 8 482817 570100 87283
125 16556 7 586239 631527 45288
512 16555 7 527734 584418 56684
542 16554 8 457721 552485 94764
158 16533 7 458727 648097 189370
478 16403 8 539796 605096 65300
187 16465 8 532103 645603 113500
328 16593 8 621886 697750 75864
363 16513 8 432565 539082 106517
253 16426 7 479652 625293 145641
367 16587 7 482914 588519 105605
289 16587 8 437950 595991 158041
7 16573 7 480593 641602 161009
87 16890 7 594262 622366 28104
177 16899 7 479893 569391 89498
309 16987 7 533981 647521 113540
463 16830 8 522797 577448 54651
226 16963 8 500410 582469 82059
288 16988 7 473670 661054 187384
129 16908 7 579090 586395 7305
191 16803 8 484400 583713 99313
115 16979 7 490600 548427 57827
622 16942 9 503648 559101 55453
74 17052 9 634277 667596 33319
469 16947 8 717252 720600 3348
446 16844 6 632726 719422 86696
361 16960 8 475010 618860 143850
161 16928 7 461909 569685 107776
372 16884 8 530394 696107 165713
151 16877 7 523407 636009 112602
441 16894 7 536604 608611 72007
74 16837 8 458544 623230 164686
503 17056 7 460590 612614 152024
459 16945 8 587107 680078 92971
168 17015 8 455148 553715 98567
301 16928 7 531744 635646 103902
286 16926 7 560983 643415 82432
422 17015 7 585414 664269 78855
289 16861 8 448560 612289 163729
371 16978 7 480075 533077 53002
260 16883 8 591150 657192 66042
285 16944 7 559365 634197 74832
119 16978 7 586037 598718 12681
107 16899 8 471924 594145 122221
386 17021 7 655035 769645 114610
256 16882 7 474399 566537 92138
281 16874 7 468835 768979 300144
473 16929 7 520472 709311 188839
233 17026 7 593784 658789 65005
235 16996 8 483735 682671 198936
212 16890 8 441527 696665 255138
39 17074 7 631284 657903 26619
143 16972 7 522357 711657 189300
393 16920 10 479914 650075 170161
410 16790 7 581991 616787 34796
427 17000 7 481254 624363 143109
432 16856 7 459626 582644 123018
304 16850 8 491445 637374 145929
243 17046 7 562397 635280 72883
620 16965 7 565139 640820 75681
487 16832 7 489360 640907 151547
276 16831 7 496831 644038 147207
39 16923 7 506586 806129 299543
291 17213 7 567503 611979 44476
226 17325 7 495868 721429 225561
237 17214 8 499114 688208 189094
93 17435 8 489915 677671 187756
334 17229 8 534708 841045 306337
247 17322 7 554570 599377 44807
236 17298 8 473406 653352 179946
369 17264 8 618829 678802 59973
268 17319 7 567790 664487 96697
239 17260 8 593305 759705 166400
646 17371 7 566158 586224 20066
186 17335 7 569370 661011 91641
369 17243 8 535021 595616 60595
150 17147 7 540979 578609 37630
286 17212 7 544677 600539 55862
97 17268 8 499343 811924 312581
33 17314 7 525025 627132 102107
299 17373 7 573822 630740 56918
260 17293 7 493443 688566 195123
96 17372 7 531163 640259 109096
313 17248 10 624583 685100 60517
238 17464 8 580401 678853 98452
393 17401 7 546312 602193 55881
636 17154 8 509453 711371 201918
187 17287 8 515652 689524 173872
303 17414 7 481368 556049 74681
337 17351 9 519195 689419 170224
532 17301 7 493119 747103 253984
206 17264 7 513449 752787 239338
434 17324 7 540389 623700 83311
262 17207 8 460145 604758 144613
408 17344 8 508191 576561 68370
172 17324 7 478499 671194 192695
290 17344 6 620645 661042 40397
109 17275 7 458681 609238 150557
148 17337 7 542988 616683 73695
157 17348 7 504221 622768 118547
366 17321 7 513616 573980 60364
171 17235 8 491372 707570 216198
311 17152 7 569186 596881 27695
439 17320 7 560941 580057 19116
218 17280 8 564504 733232 168728
460 17314 7 583873 734602 150729
339 17237 8 446029 635338 189309
230 17190 9 561370 651923 90553
228 17169 6 562899 593840 30941
230 17344 7 550614 802382 251768
106 17443 7 502547 624492 121945
440 17191 7 698154 707222 9068
332 17310 7 658484 799888 141404
290 17710 8 544032 634971 90939
246 17762 7 695252 717221 21969
319 17555 8 566806 741046 174240
330 17658 7 543345 677591 134246
159 17574 7 487739 721013 233274
58 17668 8 474282 629817 155535
143 17722 7 515610 678507 162897
440 17687 8 627477 707980 80503
149 17623 7 533934 613414 79480
193 17609 8 484670 591172 106502
374 17616 7 624508 633740 9232
209 17675 8 575395 671861 96466
407 17507 8 460118 738170 278052
246 17588 8 608188 684272 76084
440 17782 7 606454 730545 124091
264 17577 7 469535 642572 173037
502 17657 7 550673 749094 198421
340 17673 8 534197 602958 68761
686 17636 7 490431 612912 122481
826 17612 8 491453 752458 261005
53 17625 8 463869 772218 308349
166 17602 7 499606 691043 191437
44 17792 7 607878 707588 99710
155 17694 7 499566 719694 220128
192 17608 7 526946 580777 53831
279 17665 7 560080 652841 92761
127 17626 8 558043 686451 128408
263 17579 7 543117 612695 69578
42 17529 7 476406 796624 320218
78 17647 8 441098 708166 267068
90 17730 10 566014 626796 60782
188 17689 7 568880 649167 80287
451 17561 8 459401 614384 154983
375 17682 8 657831 687202 29371
321 17707 7 704659 746849 42190
482 17666 9 574139 597784 23645
219 17754 7 586492 637222 50730
354 17607 7 533314 721171 187857
102 17628 8 497965 605453 107488
341 17644 7 579558 625234 45676
318 17760 8 530396 760554 230158
180 17637 7 507763 621564 113801
112 17626 7 497761 693394 195633
613 17655 7 585275 632814 47539
257 17638 7 506793 598457 91664
347 17665 7 508600 625731 117131
273 17842 7 629008 862780 233772
315 17831 8 600659 700447 99788
394 17698 8 522759 586284 63525
476 17738 8 732941 865460 132519
196 18117 8 498887 703731 204844
428 18056 8 516411 640124 123713
208 18098 8 495891 609203 113312
323 17993 8 528027 675845 147818
303 17990 7 505621 700197 194576
184 17971 7 592614 600429 7815
127 17898 7 460938 610965 150027
136 18074 7 681645 724130 42485
242 18005 8 640566 753450 112884
253 17967 7 535711 715613 179902
78 17964 8 511331 598398 87067
231 17952 7 521095 653743 132648
259 17958 8 528314 797865 269551
57 17980 7 486068 632264 146196
329 18041 7 493896 630968 137072
253 17988 7 542192 764016 221824
408 17990 7 506860 655582 148722
186 18081 7 503196 590396 87200
92 17941 8 508746 647282 138536
407 18010 7 582055 664684 82629
192 17951 8 665402 725776 60374
459 18091 7 507780 604201 96421
212 18009 8 458397 630235 171838
287 17955 7 590263 674848 84585
299 18080 7 493900 728498 234598
136 17968 7 576529 637626 61097
408 17931 6 466599 675259 208660
231 18029 9 539653 681927 142274
498 18103 7 520021 769018 248997
359 18079 7 509610 661435 151825
121 17988 7 454343 617226 162883
271 18065 9 535388 705548 170160
287 18044 8 675243 723532 48289
178 18054 7 542914 650323 107409
54 18045 7 617140 722938 105798
317 17909 7 788309 836381 48072
393 17970 7 624767 646277 21510
217 18041 7 636645 666843 30198
244 17975 7 686685 774241 87556
454 18164 8 526653 578640 51987
457 17988 8 585931 612395 26464
349 17988 7 596022 751295 155273
143 18111 7 555054 672041 116987
162 18120 9 570514 699260 128746
624 18013 8 570190 775655 205465
214 17918 7 480534 683802 203268
438 18095 8 527440 625393 97953
275 18015 7 600175 687869 87694
176 18000 7 614450 718271 103821
358 17930 7 602277 673876 71599
391 18315 8 592043 714082 122039
219 18384 7 598751 609671 10920
357 18417 7 650713 676459 25746
536 18588 7 544485 750269 205784
246 18472 7 479886 817198 337312
282 18480 7 479413 636698 157285
272 18397 7 523499 726675 203176
372 18375 7 578157 755277 177120
144 18336 7 503609 666260 162651
439 18469 8 681220 819326 138106
68 18396 7 461269 721472 260203
388 18469 7 598810 656899 58089
304 18288 6 583349 807898 224549
238 18372 7 641906 738801 96895
384 18336 8 556882 688168 131286
101 18414 8 536598 815225 278627
414 18422 7 568453 694235 125782
545 18302 7 566280 701323 135043
253 18452 7 483246 731376 248130
212 18323 7 605502 683818 78316
283 18432 8 522819 701650 178831
436 18423 7 622652 824613 201961
137 18343 7 541719 683237 141518
563 18415 7 538822 824323 285501
95 18362 8 492529 718516 225987
181 18471 9 640837 667377 26540
197 18393 9 479386 660653 181267
242 18425 7 636290 701382 65092
314 18567 8 560877 832486 271609
203 18419 7 685203 833080 147877
455 18431 7 491904 886122 394218
196 18376 7 569640 633419 63779
387 18319 8 567316 674431 107115
212 18277 7 491760 722185 230425
560 18354 7 548460 675452 126992
109 18407 7 606257 786424 180167
184 18357 8 538944 649607 110663
143 18379 8 634281 660987 26706
83 18388 7 661357 702751 41394
221 18389 7 659596 677694 18098
53 18431 7 582806 807896 225090
523 18508 7 531673 729045 197372
59 18364 7 500894 654219 153325
429 18423 7 516152 677976 161824
181 18408 8 438132 678179 240047
613 18324 7 608627 769673 161046
504 18393 7 622996 708934 85938
312 18386 8 579950 849087 269137
356 18393 7 620830 743858 123028
219 18387 7 553550 645388 91838
