305 7739 7 226897 282124 55227
354 7705 7 257174 289067 31893
93 7694 7 238280 287560 49280
115 7746 7 210468 284143 73675
201 7667 7 248905 261184 12279
52 7725 7 249142 263203 14061
140 7731 7 217106 287760 70654
203 7765 8 182285 268502 86217
78 7750 6 255982 504183 248201
326 7735 7 183322 260239 76917
187 7814 7 258051 282658 24607
37 7741 7 217843 242802 24959
290 7748 6 198916 300278 101362
129 7645 7 231452 279529 48077
187 7672 6 218640 248541 29901
36 7782 8 223690 288765 65075
41 7715 8 273612 298970 25358
18 7752 8 194104 252560 58456
282 7710 9 195782 251975 56193
243 7694 8 233129 254685 21556
101 7737 7 281433 287208 5775
14 7695 7 214304 289142 74838
202 7682 7 198327 291773 93446
107 7726 7 245999 286669 40670
131 7664 7 254762 261178 6416
138 7804 7 229243 292623 63380
104 7799 10 201207 248206 46999
172 7729 8 210418 236403 25985
60 7656 7 235207 269652 34445
107 7670 8 229314 273926 44612
365 7675 7 222886 273099 50213
77 7724 7 221790 283826 62036
186 7753 7 215735 274924 59189
204 7699 7 238057 275731 37674
147 7716 8 218407 262438 44031
186 7737 7 245147 311822 66675
91 7738 6 280397 281326 929
348 7754 6 216185 270841 54656
177 7737 7 221463 245565 24102
352 7701 7 224902 256606 31704
66 7676 7 179496 259016 79520
115 7838 9 213650 250219 36569
230 7657 7 187834 254271 66437
256 7712 6 223888 271872 47984
106 7711 7 216054 254137 38083
110 7760 7 171314 357103 185789
283 7692 8 182524 256449 73925
51 7685 7 200286 248378 48092
53 7748 7 181856 303585 121729
178 7718 8 218185 292034 73849
41 8024 8 224036 272499 48463
55 8080 7 202888 312133 109245
155 8080 7 197347 288920 91573
225 8081 6 245534 340280 94746
256 8122 6 198749 334093 135344
162 7990 7 235344 251603 16259
245 8033 9 221160 249358 28198
101 8077 7 198403 311475 113072
468 8057 6 247778 273670 25892
285 8134 7 355725 358407 2682
104 8157 6 207338 295258 87920
50 8155 7 227524 276221 48697
281 8098 8 217616 268116 50500
128 8135 7 203655 284735 81080
154 8080 7 203743 298126 94383
43 8079 7 271758 309086 37328
98 8103 7 217087 272005 54918
180 8093 7 250066 321775 71709
293 8162 7 200051 291794 91743
228 8063 7 221283 256278 34995
134 8082 7 219954 324791 104837
169 8130 7 212727 254636 41909
241 8072 6 219524 275221 55697
269 8135 7 231260 307589 76329
165 8011 7 256440 278301 21861
101 8131 8 205930 354176 148246
154 8092 8 242648 331596 88948
224 8167 7 208270 304594 96324
104 8064 7 191053 310535 119482
317 8073 6 206177 278044 71867
47 8180 7 226977 295066 68089
206 8124 8 224744 303133 78389
160 8069 6 216932 292467 75535
157 8093 6 225472 270329 44857
192 8044 7 247062 287840 40778
394 8067 7 227976 297490 69514
224 8088 7 249767 299061 49294
81 8112 7 213769 278352 64583
90 8062 7 240904 283583 42679
199 8130 7 214911 278940 64029
215 8015 7 210233 308551 98318
73 8135 7 239238 278478 39240
127 8072 6 234899 290260 55361
89 8038 7 238013 290781 52768
249 8114 8 226002 254790 28788
208 8077 8 243125 280573 37448
231 8092 7 237496 318588 81092
129 8094 7 291683 318012 26329
371 8158 7 223333 323991 100658
103 8035 7 260838 297451 36613
137 8438 7 249199 298902 49703
126 8497 7 267543 314469 46926
393 8462 7 214681 266174 51493
23 8416 7 232403 303968 71565
159 8537 8 223644 288396 64752
98 8486 7 261778 346826 85048
70 8427 9 259422 288486 29064
341 8405 6 248456 334999 86543
255 8481 6 227577 361300 133723
112 8498 9 246055 301470 55415
340 8484 6 232960 318076 85116
215 8507 7 223620 287033 63413
229 8482 7 190922 303159 112237
111 8470 7 228036 309789 81753
41 8513 7 213835 307013 93178
203 8398 6 248872 254452 5580
92 8593 8 233342 281762 48420
67 8443 7 292087 346277 54190
160 8455 8 234513 268700 34187
453 8414 7 260339 306466 46127
152 8477 7 220666 257858 37192
141 8525 7 221704 337787 116083
225 8457 6 235367 320033 84666
22 8441 7 259708 286715 27007
199 8456 7 219771 259210 39439
176 8457 7 243169 305383 62214
176 8449 8 231068 333905 102837
280 8552 8 235789 292793 57004
190 8477 8 254994 298384 43390
229 8429 6 209557 414886 205329
316 8379 7 239274 290159 50885
157 8430 9 202479 279382 76903
92 8511 7 221087 330241 109154
142 8533 8 243360 287442 44082
450 8536 8 223896 302193 78297
289 8505 7 230088 292536 62448
178 8378 7 223276 320687 97411
256 8498 7 245960 281942 35982
140 8507 7 226126 258738 32612
239 8404 6 276478 296421 19943
66 8575 7 201150 271906 70756
188 8439 7 225614 332498 106884
385 8431 8 219647 313118 93471
170 8517 7 235844 305505 69661
130 8439 7 255028 331597 76569
196 8478 7 219549 293780 74231
433 8438 7 239552 265564 26012
44 8460 7 239725 285783 46058
149 8457 7 194299 273242 78943
210 8526 6 263675 312398 48723
194 8825 7 218042 374206 156164
158 8821 7 228312 330748 102436
126 8838 8 233485 318643 85158
170 8867 8 262345 352728 90383
64 8816 7 266153 310015 43862
52 8842 6 221882 282709 60827
114 8829 7 195908 288205 92297
90 8768 7 256711 316356 59645
77 8789 6 220959 294856 73897
328 8823 7 224525 340331 115806
128 8811 8 265859 319616 53757
128 8831 7 253812 294944 41132
252 8828 7 269884 347945 78061
188 8772 8 222926 284758 61832
287 8891 8 253993 385370 131377
128 8840 7 236368 258701 22333
88 8748 7 361685 386441 24756
135 8881 7 254086 315772 61686
229 8799 7 255321 279333 24012
254 8826 6 265095 349764 84669
101 8743 7 264958 381800 116842
275 8842 8 252365 280628 28263
237 8813 7 264369 320203 55834
85 8861 9 261443 272864 11421
150 8832 6 266467 340557 74090
191 8855 8 301029 308259 7230
168 8877 7 269250 312824 43574
140 8897 7 199016 316968 117952
191 8795 7 238461 340681 102220
111 8844 7 246981 413927 166946
20 8833 8 227370 277521 50151
92 8906 8 205332 314330 108998
252 8820 6 228883 321597 92714
80 8826 7 253189 300679 47490
31 8799 7 288209 339007 50798
168 8882 7 237989 346530 108541
327 8754 8 255780 317209 61429
118 8754 7 225480 305828 80348
157 8813 7 233734 303927 70193
81 8796 7 266778 325536 58758
310 8865 7 306233 388951 82718
265 8816 7 250816 331834 81018
387 8972 7 223859 292162 68303
152 8824 7 214344 293914 79570
181 8858 10 274966 306587 31621
212 8900 10 222205 306375 84170
353 8841 7 291120 333726 42606
300 8804 7 225669 342355 116686
71 8889 8 232743 318638 85895
169 8715 7 248174 345977 97803
254 9167 9 269592 301418 31826
51 9179 8 231386 355622 124236
103 9145 7 234224 320041 85817
366 9358 6 239809 344288 104479
160 9199 7 285973 293174 7201
107 9129 7 324565 353798 29233
45 9281 7 261167 337164 75997
339 9139 6 239918 390558 150640
276 9082 8 250941 312627 61686
249 9192 7 251529 377606 126077
72 9190 7 244843 345387 100544
263 9248 7 268734 320148 51414
141 9234 7 304906 339743 34837
175 9194 7 238982 333394 94412
301 9125 7 251891 333990 82099
253 9200 7 240437 329907 89470
114 9209 7 233097 314533 81436
462 9166 7 243351 366067 122716
212 9204 7 274077 307867 33790
99 9186 8 292649 335382 42733
142 9218 7 321588 343731 22143
149 9096 7 232404 380060 147656
93 9072 8 291629 330656 39027
172 9276 7 264863 315909 51046
176 9108 7 244270 292025 47755
204 9287 7 284863 380673 95810
434 9259 7 255572 327546 71974
39 9084 8 251460 333406 81946
57 9185 8 308802 399886 91084
494 9149 7 305396 395947 90551
282 9227 6 264614 364708 100094
153 9194 7 237266 320201 82935
28 9141 8 271801 349142 77341
184 9226 7 250660 304606 53946
63 9193 7 233305 320274 86969
177 9155 7 202995 307517 104522
151 9182 8 273717 345261 71544
103 9175 8 263957 288500 24543
291 9189 8 285601 303241 17640
438 9157 7 278644 353929 75285
109 9130 6 228152 280598 52446
264 9254 7 339688 405428 65740
96 9273 7 274129 342338 68209
156 9181 6 257871 310325 52454
287 9256 7 235471 341628 106157
95 9234 6 276125 310574 34449
175 9173 6 276660 305573 28913
394 9174 7 288298 331015 42717
411 9233 7 255928 318810 62882
157 9264 7 301830 324298 22468
139 9549 7 263754 308155 44401
102 9579 7 254237 382157 127920
168 9502 8 300308 313859 13551
253 9525 8 273404 347570 74166
77 9582 7 252771 306155 53384
370 9485 8 281662 309625 27963
237 9587 7 290214 347103 56889
139 9585 7 291495 337497 46002
171 9513 8 254400 316488 62088
274 9592 7 327187 389649 62462
92 9583 8 269428 348708 79280
311 9637 8 231694 326290 94596
261 9547 9 283363 327448 44085
299 9550 8 267746 411579 143833
94 9599 7 226728 392222 165494
231 9559 7 277783 320929 43146
47 9535 7 277113 359793 82680
236 9629 7 248221 317987 69766
205 9543 7 295010 344240 49230
221 9536 8 261158 399249 138091
23 9564 7 273762 326521 52759
62 9540 7 275483 311198 35715
62 9591 7 252091 336572 84481
273 9538 7 278495 340685 62190
47 9614 8 271332 382857 111525
271 9553 7 300438 445292 144854
148 9568 7 296397 424352 127955
237 9432 7 269162 315601 46439
187 9511 7 273318 348730 75412
311 9571 7 280275 327544 47269
258 9696 7 259254 356281 97027
156 9583 6 278883 319411 40528
238 9540 8 288296 401149 112853
213 9638 7 289765 354401 64636
145 9535 8 308117 389693 81576
206 9563 7 279664 337085 57421
367 9584 7 280581 339279 58698
392 9563 9 280237 375663 95426
151 9472 7 285347 384202 98855
186 9507 7 297661 328459 30798
140 9603 7 293640 378836 85196
242 9555 7 250435 299138 48703
235 9583 6 256065 302282 46217
111 9597 7 321811 347515 25704
115 9625 7 292558 357042 64484
378 9498 7 270617 346033 75416
175 9596 8 298608 375973 77365
326 9615 7 270719 327904 57185
202 9591 6 263866 340629 76763
95 9527 8 265703 368754 103051
116 9986 7 291771 370896 79125
341 10024 7 381503 391460 9957
58 9962 7 270709 334429 63720
137 9878 7 392552 400540 7988
326 9976 7 327295 436410 109115
215 9916 7 358167 378200 20033
103 9974 6 283075 349941 66866
138 9902 6 288751 371547 82796
113 9958 7 302917 333595 30678
203 10025 8 321085 411378 90293
366 9899 7 309382 349803 40421
272 9890 7 321573 356096 34523
276 9967 8 270031 347980 77949
90 9850 8 326235 438259 112024
283 9941 6 295285 354076 58791
286 9905 7 297550 321914 24364
211 9886 7 341283 399972 58689
78 9873 8 314144 314659 515
221 9841 6 229619 314525 84906
391 9966 6 315100 375432 60332
253 10005 7 266770 457471 190701
137 9952 8 329525 386257 56732
161 9953 6 255720 332880 77160
239 9968 7 258898 339663 80765
106 9909 7 298637 312408 13771
346 9972 8 225271 284212 58941
324 9988 7 276247 354353 78106
261 10006 8 289324 340625 51301
184 9917 8 230914 294764 63850
262 9925 7 314206 366699 52493
162 9877 7 262199 332412 70213
265 9909 7 290963 390326 99363
74 9888 7 263816 312373 48557
166 9908 7 317200 371125 53925
185 9907 6 333695 413511 79816
190 9947 7 277713 369217 91504
279 9961 8 249529 337229 87700
31 9858 7 326095 383524 57429
112 9900 8 306612 328038 21426
128 9976 7 225721 353210 127489
308 9960 6 302336 354969 52633
335 9876 7 257259 296816 39557
125 9943 8 321672 333204 11532
261 9975 7 322112 393411 71299
225 9934 7 322760 412186 89426
470 9899 7 300698 351836 51138
142 9864 7 272021 383581 111560
120 9906 6 293834 408735 114901
392 9923 7 292432 357776 65344
216 9939 9 306827 382794 75967
102 10220 7 347500 422777 75277
104 10355 8 292969 341662 48693
104 10240 7 302420 349642 47222
387 10260 7 251833 371361 119528
220 10307 7 282604 363619 81015
152 10318 8 339514 373840 34326
428 10345 7 311552 317338 5786
291 10333 7 268461 361068 92607
302 10306 7 267465 336055 68590
233 10348 7 296722 340908 44186
157 10353 8 277749 465177 187428
150 10421 7 312775 359372 46597
160 10302 7 285991 349685 63694
465 10276 8 289458 338875 49417
123 10211 7 255538 356393 100855
113 10304 7 267702 367591 99889
81 10404 7 294519 361993 67474
286 10395 7 352554 371148 18594
121 10319 6 309251 354496 45245
244 10249 7 330708 379642 48934
224 10345 6 254376 360858 106482
181 10329 7 331676 424917 93241
232 10365 8 332234 365866 33632
355 10278 9 402259 412494 10235
171 10333 6 324533 390553 66020
136 10361 7 292205 351026 58821
134 10259 7 299302 378495 79193
339 10239 7 271132 446081 174949
285 10255 7 297805 371421 73616
382 10268 7 331029 340011 8982
194 10328 7 309871 382559 72688
254 10286 8 287220 372848 85628
106 10350 7 355038 395737 40699
90 10309 7 283612 358590 74978
301 10251 7 378998 480510 101512
261 10359 7 331286 348283 16997
242 10323 7 310856 333557 22701
235 10282 9 339706 516194 176488
161 10253 7 296986 327963 30977
286 10292 7 292994 454587 161593
164 10377 7 270419 445475 175056
188 10367 7 294342 335362 41020
223 10258 7 259616 334049 74433
319 10329 7 265544 354812 89268
279 10394 7 286812 404638 117826
258 10224 8 276724 358437 81713
103 10257 8 332849 335387 2538
273 10289 7 308246 426517 118271
418 10242 8 285818 357692 71874
174 10242 8 264888 395025 130137
172 10634 7 301501 404914 103413
222 10672 7 357812 418797 60985
402 10609 7 278888 350008 71120
399 10681 8 274569 328285 53716
140 10576 8 293049 353258 60209
238 10607 8 363647 471748 108101
235 10640 7 401279 443219 41940
178 10636 8 258998 402019 143021
198 10619 7 266717 375800 109083
315 10706 8 301743 385581 83838
104 10611 7 313477 364717 51240
127 10701 7 297320 348186 50866
251 10670 8 294292 430837 136545
241 10655 7 325964 389525 63561
109 10741 7 286593 363422 76829
230 10663 7 368969 373019 4050
161 10681 7 397465 486504 89039
317 10650 7 347833 389433 41600
31 10588 7 299306 368403 69097
300 10747 8 308620 363047 54427
340 10655 7 321593 372079 50486
63 10679 7 288772 391325 102553
266 10812 6 353686 369523 15837
469 10636 7 313946 382452 68506
127 10589 7 352218 361581 9363
321 10600 7 324265 410925 86660
22 10753 7 367858 383075 15217
174 10640 8 380773 399316 18543
133 10677 7 287340 346970 59630
122 10599 7 330282 362232 31950
187 10682 8 287555 334251 46696
97 10733 7 337758 351435 13677
333 10618 7 292313 349446 57133
88 10673 7 404066 424488 20422
367 10650 7 394636 409152 14516
325 10659 9 286111 403481 117370
63 10756 8 369748 370610 862
172 10689 7 366534 384347 17813
210 10667 8 393222 424893 31671
144 10600 8 307665 364716 57051
112 10665 7 332525 375979 43454
480 10622 6 326418 368545 42127
144 10611 9 299800 355094 55294
315 10731 8 278794 420367 141573
180 10642 7 331663 416537 84874
103 10653 8 352898 402141 49243
266 10618 8 291961 344529 52568
129 10672 7 271697 374654 102957
101 10660 7 297914 425377 127463
276 10686 7 289333 363941 74608
214 11089 6 302815 378112 75297
129 11019 8 281838 342320 60482
125 11073 7 290226 396868 106642
103 11063 7 310478 455742 145264
112 11117 7 349081 406375 57294
135 11107 7 315131 424002 108871
153 11044 7 404832 409583 4751
318 10990 8 320897 364220 43323
80 11007 6 324715 405244 80529
370 11082 7 312608 408983 96375
364 11038 8 343185 404423 61238
183 10996 7 314604 394692 80088
387 11146 7 348745 408632 59887
69 11033 7 268536 405353 136817
461 11049 7 334858 372687 37829
216 11014 7 403066 423273 20207
264 11084 7 286976 338595 51619
120 10960 8 315087 399894 84807
116 11006 7 298249 463457 165208
208 11024 9 298686 362897 64211
301 10872 7 338484 409058 70574
295 11073 7 306600 415633 109033
348 10949 8 387484 487311 99827
157 10994 7 372514 464204 91690
300 11042 6 356069 394577 38508
40 11061 7 320261 370828 50567
300 11059 7 318614 426632 108018
179 10921 8 340739 401070 60331
330 11067 7 311514 398162 86648
400 10999 8 296040 378546 82506
69 11036 7 333902 438627 104725
374 11073 6 305704 415638 109934
153 11041 8 292010 370679 78669
180 11090 7 376357 440842 64485
47 11006 7 333977 388985 55008
221 10992 7 294681 398172 103491
191 11175 7 306950 462717 155767
58 11094 8 345706 421374 75668
108 10980 7 263512 419043 155531
300 11035 8 272897 471847 198950
172 11072 7 337256 417044 79788
88 11066 7 282958 379566 96608
327 11037 6 288189 416847 128658
199 11029 7 314400 367991 53591
197 11061 7 317035 374152 57117
270 11013 7 298290 367737 69447
319 10961 7 293949 424943 130994
98 10954 7 321622 368071 46449
262 11086 6 285422 360317 74895
13 11008 8 368492 407439 38947
