36 370 5 10112 11134 1022
86 355 6 5995 10571 4576
35 346 4 8250 8697 447
69 369 6 7736 8870 1134
49 371 7 5282 9568 4286
54 351 5 6436 10701 4265
20 383 5 8220 9193 973
32 369 5 7197 13649 6452
37 386 6 7282 11494 4212
35 376 7 7007 13666 6659
48 375 5 7645 11418 3773
13 379 5 6378 9506 3128
55 364 5 6689 10266 3577
23 355 5 6258 10296 4038
81 363 6 5894 8855 2961
22 376 5 6040 9015 2975
54 367 5 6289 8013 1724
27 340 6 9050 9656 606
74 382 5 6970 9423 2453
33 377 6 7353 10048 2695
40 386 5 8804 9379 575
38 383 5 7391 12292 4901
49 380 6 6970 8253 1283
17 372 5 6416 9978 3562
30 369 6 7579 10786 3207
11 358 6 7853 9317 1464
88 368 5 6178 8650 2472
42 362 6 9213 9814 601
34 367 5 6827 8977 2150
18 363 6 6459 8788 2329
30 361 7 7118 12919 5801
46 367 6 7802 9002 1200
52 364 5 12633 12681 48
33 380 7 9166 10018 852
64 365 6 6238 8937 2699
32 370 5 7600 8645 1045
46 362 5 6722 9393 2671
70 380 6 8594 10403 1809
68 369 5 6362 12055 5693
45 378 6 7052 7924 872
59 355 6 7783 8922 1139
15 367 6 8392 10577 2185
75 390 6 9348 10800 1452
71 360 7 6153 10438 4285
34 367 6 7868 9701 1833
52 361 6 6027 9516 3489
73 354 5 6214 12953 6739
59 380 6 8394 8907 513
44 376 6 6137 9595 3458
48 359 5 6004 7758 1754
11 728 6 12193 21888 9695
28 728 6 14118 20392 6274
78 731 5 16976 23929 6953
30 751 5 19139 24118 4979
99 731 5 15298 20665 5367
19 730 5 18246 24725 6479
85 730 6 14985 25704 10719
22 741 5 15874 17860 1986
24 731 6 20544 23068 2524
30 731 7 17723 23391 5668
20 740 6 17552 19549 1997
45 728 6 14781 19570 4789
43 728 6 15704 34195 18491
137 760 6 15392 19550 4158
81 735 5 15303 20608 5305
41 739 5 16944 19854 2910
64 729 5 16899 20251 3352
42 743 6 16063 18965 2902
69 740 6 18130 24393 6263
62 721 5 13791 20883 7092
91 718 6 14874 17776 2902
101 763 6 13976 19243 5267
63 733 6 16003 19737 3734
71 768 6 20275 20587 312
56 725 6 15597 16432 835
18 741 5 17170 21790 4620
85 732 6 12576 20439 7863
15 741 6 19129 23346 4217
39 741 5 14976 19364 4388
50 740 5 14745 18082 3337
25 723 6 14111 20381 6270
64 748 6 21882 22174 292
86 739 5 16229 20283 4054
65 717 5 18224 21884 3660
78 737 5 14821 19884 5063
55 721 7 12314 20499 8185
41 753 6 13005 21901 8896
80 750 5 15096 18581 3485
44 756 6 14441 18760 4319
34 746 6 16844 20082 3238
100 763 7 21633 23652 2019
20 703 6 18201 20940 2739
27 755 6 15479 19713 4234
79 715 6 12533 17769 5236
128 740 7 15097 19395 4298
17 715 6 16635 23428 6793
51 756 6 15712 22766 7054
64 742 5 19206 20892 1686
36 733 5 18124 18303 179
52 742 5 18686 20890 2204
23 1086 6 26220 32042 5822
112 1075 6 38783 39885 1102
52 1142 6 22728 34779 12051
47 1108 6 24932 32605 7673
21 1083 6 25712 30294 4582
55 1132 6 23195 33986 10791
28 1100 5 20666 32776 12110
74 1107 5 24830 27595 2765
53 1092 6 26455 29097 2642
53 1111 6 32180 35746 3566
115 1093 6 23079 34330 11251
143 1093 6 31608 40152 8544
48 1112 6 26972 29540 2568
67 1110 6 25244 31511 6267
27 1100 6 33553 35246 1693
68 1126 6 28091 30927 2836
22 1111 6 27110 30672 3562
71 1120 5 21288 31247 9959
114 1113 6 23443 28639 5196
78 1073 6 31097 31723 626
126 1077 6 23478 29943 6465
83 1114 6 30815 34012 3197
49 1093 7 22136 29302 7166
40 1087 7 23920 31349 7429
24 1055 6 20955 46315 25360
115 1086 7 21925 28102 6177
25 1094 7 24317 32648 8331
60 1101 7 20826 33834 13008
102 1128 6 25971 29612 3641
52 1111 6 21795 35548 13753
104 1121 7 24541 35335 10794
80 1120 6 25309 35286 9977
76 1130 6 20206 28953 8747
129 1076 6 31428 32904 1476
138 1072 6 26535 35835 9300
72 1098 7 23444 32358 8914
71 1100 7 24482 46819 22337
21 1057 6 20648 29115 8467
84 1120 7 23775 32040 8265
46 1109 6 20193 26434 6241
76 1081 7 25094 33136 8042
94 1110 7 24874 32750 7876
59 1107 6 30847 37042 6195
77 1081 6 23928 37409 13481
128 1083 6 23528 28370 4842
73 1132 6 21204 29832 8628
25 1105 6 24555 31149 6594
61 1116 5 24885 33174 8289
31 1083 6 22950 26961 4011
94 1107 6 28517 31442 2925
52 1467 6 40298 52048 11750
82 1475 6 32999 44342 11343
63 1459 6 34425 36784 2359
108 1486 6 35217 43544 8327
78 1461 7 35464 40721 5257
109 1478 6 26083 40719 14636
132 1471 6 30165 43493 13328
104 1477 5 45910 51247 5337
262 1495 6 30729 40334 9605
40 1495 6 38220 43370 5150
90 1487 5 42200 49832 7632
21 1487 6 44508 66571 22063
50 1472 6 33066 46930 13864
42 1487 6 33467 46883 13416
92 1492 6 40151 45737 5586
134 1481 5 31438 39932 8494
45 1457 6 31423 50022 18599
68 1485 7 32905 42138 9233
52 1454 6 32253 39836 7583
48 1458 5 31665 41929 10264
75 1470 6 30851 40080 9229
66 1468 7 50011 56591 6580
78 1434 9 31789 46817 15028
89 1474 6 37958 46741 8783
20 1463 5 36646 38478 1832
65 1456 6 36399 41450 5051
131 1478 7 33021 52824 19803
108 1462 6 29097 37037 7940
123 1455 6 37741 40536 2795
61 1477 6 29627 40051 10424
150 1505 6 35208 40751 5543
108 1459 6 39843 44491 4648
105 1487 7 33860 46077 12217
64 1492 8 39226 42211 2985
98 1484 6 32460 51291 18831
60 1487 6 43675 54850 11175
139 1453 6 30837 50327 19490
88 1511 6 33240 42653 9413
68 1482 6 42537 45543 3006
63 1476 6 33741 40619 6878
40 1457 7 34714 48921 14207
18 1508 7 31171 48502 17331
82 1468 7 35924 50459 14535
45 1497 6 30226 47337 17111
53 1468 6 36158 41959 5801
29 1470 6 29544 40623 11079
82 1487 6 31853 35769 3916
115 1484 6 32952 37481 4529
122 1487 6 38105 47236 9131
107 1476 6 33389 37302 3913
53 1849 6 44655 56680 12025
86 1803 8 52146 62624 10478
199 1849 6 52054 57025 4971
71 1840 7 45236 56364 11128
99 1843 7 49031 58367 9336
35 1822 7 53008 57373 4365
76 1871 6 40837 50940 10103
24 1867 6 40501 49827 9326
112 1821 8 42421 55276 12855
108 1867 6 45398 62240 16842
110 1849 6 54058 55401 1343
111 1822 6 35210 44838 9628
52 1864 7 44508 51386 6878
83 1820 7 39273 54542 15269
91 1844 6 46722 56873 10151
17 1827 7 41091 56858 15767
120 1790 7 45478 54666 9188
14 1816 8 40768 50910 10142
107 1817 6 43585 47724 4139
110 1836 6 38918 61548 22630
15 1831 7 44983 56286 11303
100 1807 6 40759 61278 20519
24 1864 7 41835 54580 12745
38 1826 7 45830 63537 17707
134 1882 9 37137 74142 37005
30 1840 6 38324 66381 28057
99 1836 5 44763 55847 11084
68 1848 6 42209 59368 17159
73 1870 6 42272 53932 11660
39 1816 6 50403 51004 601
24 1850 6 49446 68441 18995
54 1843 6 53809 57478 3669
218 1843 6 45141 50283 5142
46 1843 6 52111 57746 5635
46 1856 7 49305 63316 14011
78 1885 6 44216 60821 16605
134 1801 6 49443 52689 3246
125 1862 7 48269 53070 4801
78 1819 6 50977 51167 190
178 1861 6 44804 61953 17149
63 1840 8 39167 50767 11600
39 1811 6 47187 57332 10145
119 1829 6 46751 61739 14988
166 1847 5 53361 55232 1871
59 1845 6 51339 52879 1540
44 1819 6 41862 62982 21120
108 1820 6 43861 61191 17330
145 1838 6 49952 60607 10655
99 1825 7 54222 63331 9109
50 1866 7 48288 50632 2344
139 2164 6 54369 70835 16466
157 2261 7 50759 63364 12605
147 2199 7 62093 71059 8966
149 2200 6 47432 65105 17673
125 2195 6 46561 69493 22932
311 2185 6 56350 78772 22422
109 2197 6 51306 66962 15656
108 2172 5 47965 69868 21903
59 2197 6 64150 64630 480
162 2246 6 45801 74445 28644
50 2196 7 47860 69990 22130
236 2233 7 42899 58153 15254
120 2167 6 62376 78127 15751
157 2232 6 42283 64710 22427
133 2151 6 56608 66952 10344
131 2200 6 48609 63881 15272
107 2204 6 54387 73055 18668
83 2197 6 63575 72858 9283
101 2223 7 59342 62783 3441
109 2183 6 53404 89429 36025
132 2215 7 53350 74511 21161
122 2204 7 44612 62621 18009
106 2205 5 62421 67204 4783
67 2256 7 53055 64294 11239
69 2223 6 52860 56457 3597
83 2202 6 42904 71446 28542
95 2201 6 53772 61542 7770
114 2181 7 42709 60209 17500
159 2234 6 53040 67385 14345
179 2227 6 49887 65045 15158
72 2183 7 49056 72359 23303
37 2193 5 53754 66607 12853
39 2219 6 59532 73387 13855
48 2217 7 52875 80564 27689
51 2214 6 44106 52247 8141
73 2153 7 48099 70697 22598
66 2221 6 61951 65566 3615
87 2232 7 52787 75843 23056
68 2192 6 54636 68543 13907
62 2202 6 61502 66508 5006
102 2258 6 49438 61841 12403
61 2220 6 49311 68751 19440
156 2201 7 52503 77904 25401
202 2206 7 61442 75008 13566
88 2200 6 47425 62406 14981
99 2167 6 49120 59983 10863
106 2179 7 60879 72822 11943
100 2195 6 67611 73306 5695
56 2222 6 56641 69334 12693
47 2215 8 56112 84876 28764
184 2583 6 89053 94036 4983
93 2572 6 67475 84302 16827
142 2593 6 68133 82856 14723
111 2561 6 59883 76763 16880
233 2613 6 69551 74556 5005
76 2537 6 111705 118578 6873
95 2592 7 74543 78434 3891
179 2568 7 71329 79670 8341
92 2514 6 87694 97131 9437
85 2551 7 70263 76835 6572
111 2599 10 71682 73361 1679
114 2557 6 56450 73983 17533
64 2576 6 66839 80360 13521
104 2582 6 82840 93588 10748
50 2558 6 73179 82041 8862
174 2604 6 65629 75124 9495
53 2558 7 54891 88730 33839
43 2583 7 74581 81281 6700
113 2585 6 60127 77474 17347
98 2559 7 56561 70567 14006
149 2555 6 66176 80145 13969
87 2545 6 59504 89749 30245
155 2565 6 58493 83206 24713
131 2554 7 61859 88551 26692
132 2549 6 53205 78886 25681
220 2555 6 77879 78164 285
153 2588 7 58469 76561 18092
157 2563 6 86608 88338 1730
139 2569 6 53674 90018 36344
74 2597 6 59142 74406 15264
92 2600 7 56275 103985 47710
132 2567 6 84066 86185 2119
11 2542 6 70822 79226 8404
172 2607 6 65256 86132 20876
201 2583 8 70792 74975 4183
128 2602 6 90708 115978 25270
93 2561 7 60745 80442 19697
41 2545 6 69095 73726 4631
161 2570 6 66926 87746 20820
118 2568 7 58694 69767 11073
74 2625 8 57665 110131 52466
245 2593 7 64936 70396 5460
53 2548 6 60393 76755 16362
84 2639 7 58986 73029 14043
62 2559 6 71173 80366 9193
46 2575 6 68210 84528 16318
80 2584 6 56841 75333 18492
90 2586 6 59440 88140 28700
99 2606 7 59930 75366 15436
120 2584 7 57363 82374 25011
54 2921 6 66694 87142 20448
112 2935 8 74093 91875 17782
203 2979 8 84949 93955 9006
34 2943 8 63449 88321 24872
86 2930 6 61859 94985 33126
191 2932 6 83235 88841 5606
229 2919 6 61841 94001 32160
36 2969 7 72098 96722 24624
140 2959 6 67979 94698 26719
24 2969 5 78901 88557 9656
116 3014 7 80466 87386 6920
62 2947 7 60034 107411 47377
162 2910 7 83944 86550 2606
202 2955 7 62102 87831 25729
203 2900 7 73289 96116 22827
110 2924 6 83538 94428 10890
46 2924 6 71545 77027 5482
34 2909 6 74776 81493 6717
109 2921 7 77080 94153 17073
48 2932 6 70986 94254 23268
35 2930 7 87468 101132 13664
180 2881 6 76507 89801 13294
185 2968 6 73510 92522 19012
21 2948 7 71844 97411 25567
129 2946 7 81988 91553 9565
77 2923 6 80869 82946 2077
99 2947 6 68645 86968 18323
148 2936 6 71544 83511 11967
55 3018 6 71934 106655 34721
47 2917 6 60656 85556 24900
80 2961 6 78341 94794 16453
120 2907 7 72498 81810 9312
199 2924 6 75470 127319 51849
205 2935 6 79493 98456 18963
133 2949 6 76087 98719 22632
124 2958 7 68080 111820 43740
93 2920 6 84106 103955 19849
60 2945 6 78925 97567 18642
41 2908 8 74123 93158 19035
35 2979 7 75012 81857 6845
64 2937 7 80595 105207 24612
35 2905 7 90640 98069 7429
73 2936 6 70972 91866 20894
133 3017 6 81085 95991 14906
183 2931 6 78593 117178 38585
155 2941 6 69961 82351 12390
69 2928 7 64870 76856 11986
160 2946 7 60765 86629 25864
126 2966 7 80412 98123 17711
160 2870 6 83227 106123 22896
165 3279 7 75073 109072 33999
173 3323 7 120277 125490 5213
10 3391 6 85288 106664 21376
226 3320 6 77901 91302 13401
66 3316 6 90663 117673 27010
24 3247 6 104746 108186 3440
224 3329 7 99881 104163 4282
202 3330 6 79578 89531 9953
98 3312 7 91393 123560 32167
127 3344 7 75184 89951 14767
55 3280 7 90577 97773 7196
105 3320 7 79962 102241 22279
153 3327 7 100040 122105 22065
105 3324 6 85200 122445 37245
260 3342 7 84020 102051 18031
64 3256 6 78341 106871 28530
216 3321 7 81026 124812 43786
9 3305 6 99388 128228 28840
226 3307 7 80832 136739 55907
250 3245 7 82839 117864 35025
58 3303 6 88273 104979 16706
145 3256 7 87981 100253 12272
174 3337 7 94853 115820 20967
75 3301 7 84271 105510 21239
123 3327 6 79205 118318 39113
83 3306 7 72101 90828 18727
144 3343 7 83542 92854 9312
201 3252 7 86142 112168 26026
184 3303 6 68546 105258 36712
142 3305 7 129870 137886 8016
129 3298 6 79385 102588 23203
168 3345 6 72903 95415 22512
34 3314 6 79540 139441 59901
115 3308 6 103690 108289 4599
126 3254 6 82943 97822 14879
108 3264 7 92707 106398 13691
104 3320 7 95690 100443 4753
62 3305 7 83042 104440 21398
193 3297 7 86603 100031 13428
40 3302 6 93210 108563 15353
269 3285 6 96346 104345 7999
72 3399 6 82845 113108 30263
202 3265 7 104391 116041 11650
190 3332 6 73688 105280 31592
50 3311 6 96636 110395 13759
197 3363 7 78215 119541 41326
157 3351 6 82396 100039 17643
95 3344 6 84362 104531 20169
95 3391 7 77926 92446 14520
126 3269 7 87731 143700 55969
244 3668 7 104620 118455 13835
127 3702 6 109659 137642 27983
39 3650 6 92934 110641 17707
99 3620 6 76665 106255 29590
57 3658 7 79972 107397 27425
168 3698 6 116223 138882 22659
131 3663 7 88579 116982 28403
60 3736 7 102680 122768 20088
318 3697 6 93167 125380 32213
151 3677 6 87580 125203 37623
211 3687 8 100391 123904 23513
85 3680 8 96239 124183 27944
137 3673 6 111113 115111 3998
146 3708 7 80144 129600 49456
138 3695 6 104254 126864 22610
17 3676 8 92494 123312 30818
329 3682 7 92335 131759 39424
55 3666 6 129957 135437 5480
119 3713 7 87300 104136 16836
84 3653 7 88679 129399 40720
186 3712 6 143326 166170 22844
36 3706 6 95555 142833 47278
73 3682 6 112491 121811 9320
37 3682 6 99612 111265 11653
88 3683 7 111816 142606 30790
178 3674 8 101702 119859 18157
164 3669 6 96471 132242 35771
137 3682 6 85690 130060 44370
214 3635 6 95935 145412 49477
91 3660 6 82429 106152 23723
19 3659 6 88721 122432 33711
135 3641 7 131408 148085 16677
120 3689 6 97409 143767 46358
68 3636 8 95429 99725 4296
213 3689 6 75243 119118 43875
34 3692 7 89541 126624 37083
118 3686 9 90146 110443 20297
191 3674 6 83271 109359 26088
121 3687 6 115524 142621 27097
121 3634 6 107714 118344 10630
151 3677 6 95678 125835 30157
120 3719 7 92651 116419 23768
95 3707 6 99406 113772 14366
115 3733 6 82866 111662 28796
238 3739 7 82351 126379 44028
265 3695 7 93014 112165 19151
261 3679 8 104674 113262 8588
266 3669 7 96388 116140 19752
214 3639 7 91506 113217 21711
25 3684 7 111265 125264 13999
