128 26163 10 885064 1002684 117620
396 26050 8 825681 1014693 189012
264 26115 9 827336 1002901 175565
28 26004 7 705415 893491 188076
797 26105 7 828973 1044541 215568
97 26264 9 746811 989870 243059
133 26133 7 824624 951814 127190
198 26102 9 882376 1010545 128169
257 26035 8 782141 972279 190138
219 26157 9 883331 1045906 162575
254 26123 7 687330 1041452 354122
239 26358 8 874319 982906 108587
749 26019 8 730542 1092961 362419
674 26096 9 790930 1080006 289076
358 26210 7 823558 1264331 440773
93 26117 7 893593 1024968 131375
191 26140 8 833868 988347 154479
406 26114 7 891625 1144499 252874
63 26035 7 889298 1094733 205435
495 26014 8 709176 994712 285536
343 26143 8 848061 1247427 399366
479 26100 7 827382 933207 105825
512 26179 7 778154 1229383 451229
133 26300 8 737767 903028 165261
189 26150 8 830666 899940 69274
190 26138 8 838017 1027842 189825
472 26106 7 1069514 1310355 240841
114 26240 7 867853 987409 119556
245 26151 7 724476 1012068 287592
92 26084 7 826425 994461 168036
8 26251 8 967019 1001940 34921
318 26076 8 818945 962317 143372
238 26096 7 780610 1005760 225150
178 26111 7 804599 1038634 234035
290 26185 7 874322 973459 99137
303 26100 8 781953 994896 212943
47 26150 7 658495 955002 296507
228 26194 7 730383 1075234 344851
333 26035 7 824259 948485 124226
358 26183 7 812681 1082466 269785
454 25964 7 681637 1309704 628067
320 26131 7 869053 1009731 140678
627 26052 7 858870 977458 118588
100 26322 9 794787 1255759 460972
537 26056 8 775088 933798 158710
784 26121 7 854661 933756 79095
387 26130 7 820965 1044640 223675
192 26147 7 988737 1054934 66197
354 26006 8 823260 1091129 267869
320 26151 7 820639 1064440 243801
166 26499 7 896839 1214808 317969
225 26452 8 892198 1045798 153600
119 26322 7 874690 958927 84237
201 26440 8 696155 1057195 361040
258 26377 7 746841 1321559 574718
436 26488 8 776467 1077802 301335
380 26590 7 849539 1047907 198368
494 26494 7 887545 1074535 186990
268 26565 8 770819 1023819 253000
222 26548 7 841984 1146663 304679
537 26383 8 803065 1070511 267446
630 26609 8 1036673 1101777 65104
394 26496 8 951710 1037015 85305
180 26524 8 1184460 1196444 11984
286 26462 7 755739 895085 139346
309 26554 8 761694 1087332 325638
560 26467 8 1004378 1029476 25098
723 26424 7 809310 944094 134784
632 26406 7 970650 1106183 135533
537 26211 8 949013 1138352 189339
157 26393 7 1078654 1099750 21096
320 26476 7 741767 959691 217924
330 26495 8 772904 965035 192131
224 26582 8 808729 955259 146530
497 26387 8 1017911 1112476 94565
440 26364 8 843408 1014679 171271
491 26544 8 798617 988944 190327
313 26427 7 766861 1053231 286370
380 26485 7 829655 962873 133218
334 26455 8 768478 1020544 252066
450 26411 8 785812 1067515 281703
380 26404 9 880456 1000532 120076
129 26293 8 998544 1111255 112711
579 26396 8 961460 1097546 136086
54 26380 8 967433 1277179 309746
767 26435 7 716542 976407 259865
308 26512 7 704803 908182 203379
56 26514 8 864906 900892 35986
660 26673 8 819561 1123677 304116
418 26484 8 869523 966432 96909
377 26478 8 837426 934949 97523
339 26473 7 790465 1046436 255971
139 26527 8 804830 1115873 311043
634 26389 7 813279 1170715 357436
317 26476 9 823940 1003364 179424
218 26565 9 887618 943861 56243
132 26602 7 864889 1125914 261025
142 26549 7 772061 941360 169299
216 26536 8 848090 942970 94880
418 26567 8 882909 1143715 260806
139 26985 7 921580 1084612 163032
557 26893 8 907370 1044531 137161
749 26679 9 937397 1071155 133758
645 27002 8 949632 1087078 137446
336 26902 8 900014 1197861 297847
168 26749 8 1073361 1133507 60146
125 26763 8 735097 1057648 322551
227 26943 8 846297 998722 152425
92 26879 7 890344 1109910 219566
166 26769 8 753410 952669 199259
201 26825 7 927293 1186713 259420
447 26857 8 984291 1066298 82007
100 26905 8 793372 1013476 220104
184 26873 8 780882 1077378 296496
103 26740 9 842425 1010538 168113
429 26929 7 907370 1256752 349382
255 26866 7 890037 1278175 388138
605 26872 8 793615 1079961 286346
340 27049 7 884787 1017629 132842
182 26783 9 779222 961017 181795
620 26799 7 844839 1007244 162405
281 26996 9 894090 1069603 175513
328 26772 8 1008456 1048647 40191
501 26840 8 833862 966041 132179
190 26878 8 810814 968639 157825
263 26966 10 951008 966242 15234
246 26941 9 805722 908152 102430
383 26827 8 820098 983672 163574
267 26837 7 960754 1113505 152751
67 26929 8 804554 1025869 221315
163 26827 7 895475 1068970 173495
342 26882 8 930083 1072648 142565
162 26822 7 807920 1033524 225604
734 26806 7 1164888 1186708 21820
400 26805 8 742967 1075543 332576
227 26932 7 766857 1202044 435187
293 26738 8 805045 1360491 555446
139 26819 7 911838 1072273 160435
296 26883 8 791025 1045157 254132
492 26940 8 881254 1336952 455698
93 26873 8 826553 1027827 201274
197 26902 7 890857 965983 75126
196 26961 8 866478 963987 97509
328 26871 7 845230 996383 151153
469 26752 10 837124 1062080 224956
575 26744 7 766021 1089914 323893
237 26811 7 848065 1058664 210599
277 26983 8 813177 1176733 363556
458 26915 7 799111 1019932 220821
165 26835 8 960400 1079514 119114
181 27279 8 904429 1187305 282876
125 27131 8 840177 1009662 169485
496 27135 8 814521 1014772 200251
315 27252 8 803587 1292122 488535
689 27261 7 788899 1015179 226280
490 27268 8 852629 1102353 249724
346 27261 7 935097 1098648 163551
174 27148 7 881899 1088674 206775
344 27236 7 946364 1085301 138937
446 27159 7 951359 1028885 77526
201 27059 8 765023 1132424 367401
410 27405 8 1053664 1198594 144930
612 27255 8 898930 1016783 117853
494 27259 7 816073 971582 155509
274 27083 8 862490 940085 77595
157 27144 8 902120 1206866 304746
413 27297 7 810992 1039532 228540
108 27190 9 914912 1104536 189624
90 27226 9 805741 971074 165333
249 27210 8 761322 1162375 401053
308 27048 7 772190 982160 209970
214 27130 7 917863 1174040 256177
439 27132 8 807020 1070699 263679
385 27172 7 935816 1109569 173753
439 27221 8 723080 1032259 309179
320 27141 8 814765 1044756 229991
399 27270 7 747992 930760 182768
434 27182 9 939123 1074062 134939
282 27251 8 731974 1213551 481577
214 27249 8 787198 1061619 274421
287 27230 8 914539 1212675 298136
155 27172 8 861524 1268910 407386
35 27179 8 873255 983862 110607
51 27416 7 1066559 1102076 35517
60 27300 8 800160 1153913 353753
151 27226 9 807213 993755 186542
320 27265 7 845784 1411346 565562
227 27173 7 760582 1037171 276589
109 27254 8 1009742 1034195 24453
415 27163 7 811053 915337 104284
152 27197 8 817114 949106 131992
110 27174 8 786563 1123379 336816
187 27224 8 892642 1158544 265902
459 27323 8 955394 1025016 69622
459 27415 7 814236 1015669 201433
431 27222 9 886829 1105141 218312
622 27275 7 853423 1073330 219907
628 27065 8 1193787 1212868 19081
356 27353 7 799715 1057555 257840
276 27229 9 1019105 1084639 65534
187 27351 7 1105997 1194290 88293
455 27588 7 899642 1001748 102106
195 27573 10 839532 993341 153809
631 27693 8 1051057 1112070 61013
397 27587 8 864081 1117135 253054
330 27638 8 832119 1068579 236460
592 27490 7 823904 1142278 318374
277 27719 7 782053 1037586 255533
426 27774 7 923637 1043468 119831
328 27664 8 790451 960450 169999
394 27535 9 877975 1052877 174902
160 27546 7 768694 1096923 328229
361 27664 8 876734 965997 89263
259 27617 7 884452 1000097 115645
350 27532 8 853708 1069268 215560
224 27564 7 826267 993666 167399
581 27532 8 761921 1129014 367093
530 27692 8 783438 1337063 553625
533 27710 9 842166 1170246 328080
436 27564 7 911739 1005754 94015
286 27584 9 863508 1020014 156506
231 27431 8 836309 987116 150807
448 27596 7 826141 1041235 215094
462 27817 8 838854 1016130 177276
662 27529 8 911168 1075764 164596
633 27640 8 818333 1106861 288528
377 27414 7 916064 1015993 99929
708 27472 8 821482 1046464 224982
141 27528 7 948828 1008702 59874
215 27622 7 1006654 1018904 12250
95 27695 7 906837 1156080 249243
314 27650 8 806859 1030351 223492
192 27595 8 839071 1115374 276303
413 27629 8 778966 1104430 325464
367 27673 7 963740 1221862 258122
345 27588 7 865985 1060274 194289
213 27771 8 899266 916917 17651
487 27593 7 904948 1074843 169895
179 27487 7 853218 1008178 154960
617 27442 7 931695 1031234 99539
389 27466 7 902435 1049944 147509
599 27614 7 840720 988508 147788
479 27633 7 863712 1096610 232898
417 27460 7 1005033 1176145 171112
100 27756 7 1156509 1210450 53941
237 27610 8 908415 1103162 194747
164 27553 8 829862 1063613 233751
142 27556 7 779393 1094633 315240
370 27449 9 812113 957790 145677
353 27562 6 1111477 1161330 49853
568 27955 7 908160 1107312 199152
247 28030 9 959641 1052233 92592
240 27967 9 921628 1020278 98650
562 27918 7 1156879 1301533 144654
324 28012 7 1062841 1136990 74149
319 27894 7 942438 1018550 76112
78 28090 8 1165989 1366444 200455
138 27945 8 993559 1090512 96953
727 27872 8 852088 1254255 402167
113 27879 8 837177 988838 151661
955 28055 8 785235 1191693 406458
230 28076 7 889962 1097662 207700
399 27862 7 947282 1075904 128622
305 27901 7 857373 1065456 208083
409 28008 8 812814 992769 179955
590 27897 9 884942 1051822 166880
217 27906 8 856227 1149982 293755
282 28024 8 846865 1039386 192521
646 27927 8 1077962 1294399 216437
125 27870 7 773314 1053968 280654
169 27871 7 1137076 1160870 23794
307 27774 8 869501 1065165 195664
52 27883 7 942533 1025392 82859
372 27939 8 758772 994194 235422
550 27917 8 851744 1248865 397121
211 28012 9 895335 1214637 319302
281 27952 7 790753 1027377 236624
65 27900 7 877347 1238298 360951
320 27959 7 898573 1087264 188691
97 27913 9 778991 1076289 297298
345 28054 8 885128 1201499 316371
202 27967 8 1030567 1523918 493351
293 27850 9 798590 1049028 250438
317 27992 7 848803 1037680 188877
247 27977 9 911422 1035990 124568
416 27969 7 1019732 1034296 14564
309 27991 7 885905 1163589 277684
83 27914 8 783423 1127973 344550
719 27950 9 949542 1119502 169960
379 28019 7 846719 1209603 362884
47 27760 9 719898 1243812 523914
204 28000 8 831715 975091 143376
384 28040 7 809161 1020981 211820
119 27897 8 801980 1135984 334004
149 27958 8 932802 980183 47381
297 27902 8 1020962 1040297 19335
80 27936 8 875202 1251589 376387
471 28122 7 918309 1017127 98818
500 28012 7 836976 1085810 248834
359 27939 7 928978 1163795 234817
330 28288 7 928967 1077150 148183
607 28299 7 867164 1100295 233131
190 28445 7 1003589 1154621 151032
509 28384 7 960664 1006736 46072
494 28353 8 1135497 1181794 46297
544 28379 7 926532 1252005 325473
430 28296 9 792311 1358760 566449
356 28334 7 916690 1055574 138884
240 28355 7 874000 1129319 255319
282 28287 7 778689 1035570 256881
612 28262 7 769148 1015311 246163
318 28224 8 889446 979190 89744
257 28315 8 858823 1010868 152045
366 28259 8 931240 1047528 116288
706 28489 8 819718 1102630 282912
449 28316 7 1121688 1216546 94858
484 28247 7 1031240 1121590 90350
270 28461 8 966769 1104984 138215
247 28336 9 814548 1156467 341919
669 28332 7 966816 1229519 262703
334 28301 7 886279 1326873 440594
449 28327 8 945355 988734 43379
103 28262 8 864880 1097230 232350
293 28319 7 777118 940757 163639
231 28343 7 1052122 1169711 117589
440 28406 8 950109 1040412 90303
278 28284 7 956251 1034840 78589
247 28329 7 1087498 1129785 42287
371 28321 8 820460 1244019 423559
418 28170 8 910203 993461 83258
359 28325 8 863634 1137316 273682
483 28290 7 1064195 1128651 64456
204 28343 7 1000633 1100758 100125
417 28472 7 1011771 1081133 69362
450 28249 9 894166 1124913 230747
348 28169 8 937895 1226405 288510
560 28295 8 865466 1038490 173024
319 28220 7 852709 1150320 297611
395 28302 8 869746 1201284 331538
328 28379 7 766332 1074298 307966
487 28278 8 1042552 1066055 23503
651 28414 8 903695 986313 82618
358 28330 7 744260 1026236 281976
86 28177 7 881416 1100338 218922
359 28217 7 842519 1126484 283965
406 28348 7 826353 1090181 263828
328 28128 8 864919 1084156 219237
520 28241 8 810333 1155903 345570
170 28146 7 962869 1051304 88435
207 28342 7 893913 1057667 163754
234 28596 7 924693 1149025 224332
325 28742 8 899206 999874 100668
645 28774 7 1162546 1308396 145850
587 28688 9 896796 1123299 226503
371 28449 7 932704 1209231 276527
329 28768 8 840267 959055 118788
362 28785 9 1007307 1410647 403340
67 28641 8 824736 1111329 286593
330 28953 9 1063812 1345031 281219
392 28519 9 909204 1343534 434330
138 28792 7 895508 1082555 187047
98 28626 8 885932 1260372 374440
373 28654 7 844526 1068805 224279
329 28736 8 893088 992458 99370
437 28699 8 913675 1207567 293892
594 28698 8 845179 1041552 196373
168 28625 7 971981 1125403 153422
442 28752 8 1048891 1128449 79558
444 28708 7 809793 1017695 207902
422 28697 7 993218 1131694 138476
52 28700 8 903412 1049740 146328
541 28643 8 1263394 1286642 23248
406 28697 7 985721 1299415 313694
754 28795 7 1079485 1148526 69041
506 28844 9 1021475 1236091 214616
125 28715 8 947420 1525524 578104
491 28773 8 1116934 1574469 457535
251 28497 7 1064256 1298051 233795
241 28494 7 849621 1227679 378058
825 28721 7 890324 1139942 249618
281 28607 7 968326 1001042 32716
102 28662 7 1119152 1343029 223877
644 28733 7 911908 972315 60407
337 28639 7 945161 1100321 155160
641 28718 7 910033 1142322 232289
73 28871 7 1096226 1189387 93161
350 28598 7 796451 1094190 297739
340 28625 7 1028272 1180447 152175
209 28612 7 982289 1131626 149337
402 28669 8 1061554 1084205 22651
472 28692 7 1010834 1065217 54383
611 28876 8 884278 1125507 241229
346 28730 8 1046371 1183296 136925
299 28730 8 886283 1030602 144319
517 28825 8 997070 1089734 92664
321 28821 7 893655 1090538 196883
99 28742 8 749350 1115000 365650
673 28556 8 920236 1131849 211613
537 28624 7 852364 1028472 176108
172 28747 8 967774 1088177 120403
160 29110 7 912003 1066149 154146
405 29143 8 881604 1061966 180362
376 29140 8 1183943 1320104 136161
170 29016 8 853365 1095833 242468
574 29071 9 1125534 1179396 53862
337 29151 7 897514 1087358 189844
320 29043 8 856557 1525986 669429
429 29164 11 808281 1210512 402231
335 29136 7 849336 1129836 280500
306 29024 8 797971 1354459 556488
202 29124 7 962775 1126228 163453
515 29191 7 887781 1108121 220340
272 29104 7 906026 1246168 340142
298 29074 10 1010064 1086042 75978
111 28972 8 952880 1355080 402200
264 29164 7 865533 1124616 259083
451 29032 7 851078 1034589 183511
54 28887 8 907599 985869 78270
636 29148 7 1029560 1136293 106733
316 29007 9 789021 1190689 401668
314 28994 8 974648 1021208 46560
173 29035 8 933546 1263145 329599
351 29252 7 888338 1154230 265892
383 29039 9 1064544 1300147 235603
809 29133 7 888084 1223777 335693
44 28905 8 871863 1050902 179039
52 29098 7 889944 1106880 216936
419 29075 7 1104919 1231291 126372
171 29139 8 839483 1331607 492124
395 29145 7 802148 1206814 404666
274 29110 8 844017 1369993 525976
375 29024 7 1019881 1120352 100471
439 29178 7 1144438 1292547 148109
518 29100 7 889504 1130096 240592
308 29134 8 870685 990609 119924
65 29158 7 963075 1138844 175769
149 29110 8 1299512 1409952 110440
455 29053 7 901484 1363205 461721
478 29119 7 906141 1047310 141169
310 29072 7 993748 1057292 63544
256 29209 7 868892 1175045 306153
366 29029 8 932923 1092201 159278
493 29011 7 1099676 1182249 82573
389 29015 8 885781 1066330 180549
565 28881 9 919513 1081229 161716
293 29142 7 999871 1182216 182345
185 29093 8 904377 1093320 188943
104 29117 7 788649 1137877 349228
181 29123 9 1068610 1071870 3260
326 29038 8 1016228 1086761 70533
396 29457 7 987511 1248260 260749
131 29353 7 832565 1100777 268212
434 29591 8 885717 1151869 266152
27 29355 9 1002371 1156799 154428
338 29445 8 1011322 1244062 232740
222 29457 7 840307 1064704 224397
192 29370 8 1006512 1055999 49487
738 29518 9 868375 1069587 201212
277 29614 7 1011779 1078331 66552
711 29234 7 1187186 1324218 137032
336 29456 7 961881 1100860 138979
151 29469 8 1018071 1125922 107851
572 29371 7 858578 1275424 416846
470 29509 8 892917 1169523 276606
327 29346 7 876715 1414715 538000
411 29365 7 907850 1160235 252385
278 29386 7 873047 1129086 256039
205 29303 7 952215 1012961 60746
829 29350 7 932518 1396088 463570
500 29463 7 910207 1126297 216090
153 29556 8 971619 1398109 426490
157 29246 9 1088697 1195617 106920
276 29501 8 1091697 1120838 29141
284 29369 8 980204 1213215 233011
639 29395 7 900012 1259277 359265
142 29443 7 987041 1449132 462091
79 29452 9 963737 1091428 127691
459 29535 8 993517 1146264 152747
298 29413 7 972653 1083130 110477
415 29469 8 871700 1030559 158859
345 29342 8 962330 1026029 63699
302 29492 8 1003399 1142247 138848
436 29363 7 895788 1288377 392589
650 29432 8 912171 1043217 131046
75 29316 7 1018537 1196251 177714
141 29469 8 868072 1098806 230734
967 29463 7 875329 1033732 158403
512 29255 7 967540 1126159 158619
622 29425 8 1060904 1437356 376452
203 29473 8 1016610 1216225 199615
36 29515 8 917060 1038953 121893
286 29455 7 873350 1138910 265560
346 29451 7 840900 1122004 281104
235 29276 8 943651 1214421 270770
366 29370 9 920513 1266841 346328
457 29393 7 1237944 1371103 133159
509 29323 7 875677 1228319 352642
182 29550 8 856816 1086554 229738
412 29400 7 946968 1097849 150881
436 29346 7 889554 982255 92701
