230 18788 9 594713 656961 62248
538 18780 7 525640 663472 137832
66 18869 7 538647 828564 289917
457 18793 7 545490 745442 199952
378 18764 8 734116 775343 41227
78 18833 7 516091 711149 195058
212 18891 8 553142 734989 181847
439 18728 7 593903 652358 58455
145 18657 7 586891 654749 67858
140 18727 7 678136 724306 46170
436 18728 7 544761 792679 247918
449 18707 8 628362 648688 20326
13 18758 8 595411 639315 43904
178 18758 7 520665 652754 132089
216 18774 7 599464 739698 140234
425 18881 8 513435 636517 123082
219 18798 7 522151 610930 88779
343 18762 8 563323 661201 97878
128 18824 7 546622 667074 120452
173 18796 7 601977 787762 185785
276 18767 8 505672 676140 170468
122 18776 8 513956 609302 95346
204 18788 8 589412 775918 186506
569 18822 7 540426 632711 92285
355 18725 7 597717 702206 104489
75 18734 7 572191 1031762 459571
83 18829 7 532452 700315 167863
564 18742 7 571770 727516 155746
249 18701 9 640712 680998 40286
231 18777 7 588836 746143 157307
107 18746 8 541168 769069 227901
548 18799 7 720822 796730 75908
240 18768 8 533689 704410 170721
157 18757 7 745264 769763 24499
107 18736 7 485320 845563 360243
532 18975 7 530684 679476 148792
453 18655 7 596084 724490 128406
136 18856 7 534575 675020 140445
510 18747 7 567464 724032 156568
394 18855 8 483601 703582 219981
56 18697 8 594552 653976 59424
495 18838 8 586581 616890 30309
238 18912 7 537734 776635 238901
134 18735 7 507074 827754 320680
256 18792 8 599687 710249 110562
123 18753 7 495290 765971 270681
192 18760 9 689240 837936 148696
74 18899 9 538273 580707 42434
322 18888 8 509769 733206 223437
479 18713 7 472345 743435 271090
599 19142 8 701163 794453 93290
68 19174 8 548383 698300 149917
505 19216 7 553472 653042 99570
193 19051 8 566003 750735 184732
317 19072 7 574801 786282 211481
75 19168 7 545409 789379 243970
313 19278 8 564226 744469 180243
256 19221 7 515043 696842 181799
326 19172 8 547841 645643 97802
303 19362 7 586267 721424 135157
328 19137 8 576600 720016 143416
323 19026 7 566139 652339 86200
230 19142 7 590014 647223 57209
226 19195 7 520246 623164 102918
128 19191 7 575186 730473 155287
166 19099 7 656391 736557 80166
350 19221 8 543450 726205 182755
167 19150 8 558660 714891 156231
211 19165 8 635279 715482 80203
97 19211 7 592702 811729 219027
70 19214 9 607025 869495 262470
676 19227 8 602040 751531 149491
177 19107 8 551163 675425 124262
299 19167 7 553143 750198 197055
333 19124 7 525755 716072 190317
563 19081 7 610263 706450 96187
206 19058 9 526141 668475 142334
248 19016 7 587573 698739 111166
189 19059 7 532964 721025 188061
270 19173 8 624507 660741 36234
206 19169 8 612483 675401 62918
248 19148 8 545151 713557 168406
54 19144 7 538686 670230 131544
511 19141 7 576956 741836 164880
276 19067 7 559291 700799 141508
370 19143 7 674467 727971 53504
247 19272 7 599517 849606 250089
296 19196 8 578353 704538 126185
127 19126 8 523766 723585 199819
649 19040 7 514351 752643 238292
208 19040 7 590382 837788 247406
379 19204 7 539803 706086 166283
219 19116 8 530146 752013 221867
208 19118 7 751836 835198 83362
129 19115 7 610497 704370 93873
73 19144 9 746386 750426 4040
223 19184 8 583505 716856 133351
299 19128 7 698490 718787 20297
641 19022 8 794327 852724 58397
597 19242 7 581153 716191 135038
365 19308 8 541644 733780 192136
399 19574 7 590282 679674 89392
384 19593 9 687099 780271 93172
475 19478 7 567941 859869 291928
243 19501 8 620293 703984 83691
95 19401 8 614438 693007 78569
162 19471 7 514962 680007 165045
158 19478 8 636862 722072 85210
238 19564 8 542224 675076 132852
542 19452 8 573600 744365 170765
106 19454 9 620324 767632 147308
199 19431 7 682918 747588 64670
289 19542 7 502628 744259 241631
153 19485 8 629254 678171 48917
268 19567 7 632435 640852 8417
294 19451 7 650414 744736 94322
216 19535 8 613740 790252 176512
362 19372 7 598586 700607 102021
195 19543 9 685161 694117 8956
191 19608 7 574095 746436 172341
491 19526 7 646844 723081 76237
290 19517 7 678630 801085 122455
323 19446 8 637797 799354 161557
287 19532 8 527727 742735 215008
384 19519 8 583811 674170 90359
187 19522 9 609963 628313 18350
445 19641 8 599619 686040 86421
298 19633 7 606852 764070 157218
240 19419 7 565439 611234 45795
188 19529 9 553811 622201 68390
559 19440 9 715365 718072 2707
151 19558 8 644697 733102 88405
248 19385 7 674628 740595 65967
336 19502 7 526860 698349 171489
276 19574 7 636044 721773 85729
290 19522 8 722997 735547 12550
506 19482 8 762663 794731 32068
282 19537 8 549444 719709 170265
265 19628 7 666923 749013 82090
183 19479 7 554108 682091 127983
286 19601 7 586630 695388 108758
654 19741 7 598668 752802 154134
308 19544 7 570435 718476 148041
178 19515 7 582398 721293 138895
222 19477 7 581649 786818 205169
343 19502 8 637338 923721 286383
148 19424 7 672652 739244 66592
147 19532 8 525582 763871 238289
224 19368 8 552664 664607 111943
730 19584 7 609742 662283 52541
181 19929 7 551750 674818 123068
262 19880 7 588959 691572 102613
141 19858 7 761935 868913 106978
157 19888 7 653352 709070 55718
44 19843 7 555874 813753 257879
286 19767 7 614256 727446 113190
300 20025 7 725906 764753 38847
149 19836 7 633399 687193 53794
192 19760 8 701850 798041 96191
97 19806 9 636870 769060 132190
473 19880 8 586548 734891 148343
401 19748 7 656548 716909 60361
180 19958 7 590452 694942 104490
211 19820 7 696182 714660 18478
271 19892 7 554890 867975 313085
360 19788 7 667824 686737 18913
227 19798 7 610435 652384 41949
361 19751 7 730091 864732 134641
240 19919 7 1007807 1168870 161063
77 19841 7 520290 716103 195813
154 19925 7 728146 759785 31639
184 19928 8 627358 775647 148289
220 19843 7 543724 950196 406472
563 19939 8 715905 801141 85236
306 19886 7 601039 669832 68793
174 19792 7 612950 746119 133169
125 19917 9 599011 806228 207217
254 19948 8 580080 638005 57925
637 19915 7 686113 926482 240369
145 19868 7 561501 674306 112805
404 19881 8 562973 815266 252293
142 19756 8 613596 770521 156925
672 19798 7 631884 714833 82949
524 19789 7 605556 690611 85055
338 19794 7 592604 732158 139554
348 19927 8 587945 717931 129986
185 19964 7 697103 723441 26338
216 19884 7 567528 683627 116099
246 19957 9 668522 766304 97782
410 19813 9 674073 782853 108780
86 19838 7 621945 733593 111648
457 19904 9 606604 671744 65140
97 19893 7 638903 789040 150137
184 19657 7 672601 723918 51317
140 19924 7 572585 817638 245053
416 19799 8 603125 989861 386736
186 19923 8 580164 784136 203972
241 19851 8 583940 760582 176642
57 19857 8 539964 715283 175319
402 20035 7 662939 998169 335230
205 20267 7 577342 755676 178334
166 20352 9 633345 830668 197323
255 20274 7 614144 680212 66068
269 20242 7 614411 773498 159087
151 20182 7 680301 947861 267560
207 20383 7 561446 696041 134595
91 20248 9 641011 920505 279494
240 20277 9 595643 757443 161800
285 20290 7 623516 764764 141248
205 20278 7 606522 907565 301043
358 20286 7 584417 862551 278134
295 20353 8 598389 931448 333059
364 20279 8 524912 837775 312863
161 20127 7 634002 703515 69513
142 20256 8 657083 836238 179155
243 20286 8 622174 841340 219166
133 20301 8 678734 796570 117836
445 20124 7 678036 714218 36182
405 19993 7 638845 900323 261478
237 20206 7 659535 836222 176687
336 20232 8 718132 895170 177038
176 20144 8 599854 667533 67679
272 20254 7 604575 742924 138349
213 20318 8 592318 773182 180864
38 20227 8 643842 725386 81544
361 20303 9 692539 781799 89260
567 20130 8 699773 784951 85178
386 20234 8 573214 720851 147637
95 20159 7 590698 717798 127100
145 20288 7 656586 809899 153313
313 20304 8 635966 727395 91429
226 20238 9 593503 885750 292247
191 20268 8 645272 760111 114839
110 20183 7 710718 893537 182819
387 20368 7 470889 701708 230819
159 20423 7 618386 767786 149400
210 20315 8 604354 739762 135408
368 20220 8 665826 981333 315507
367 20175 7 685786 786967 101181
554 20066 7 513974 824686 310712
382 20308 8 583687 684872 101185
449 20255 7 662700 703805 41105
496 20109 7 733473 738870 5397
44 20160 8 626693 791123 164430
260 20270 8 674766 866132 191366
625 20246 7 557942 726905 168963
573 20212 8 592496 1045540 453044
210 20189 7 636814 756739 119925
259 20272 7 577701 659556 81855
235 20202 7 619087 745812 126725
158 20591 7 665352 753613 88261
270 20535 7 590932 744303 153371
185 20613 7 608967 722995 114028
399 20551 8 614962 756278 141316
134 20655 7 629508 857305 227797
550 20608 7 688139 717359 29220
127 20668 10 616403 713024 96621
396 20520 7 774181 871474 97293
260 20718 7 544560 740529 195969
323 20588 7 541370 709781 168411
485 20635 7 656817 760733 103916
389 20587 8 610512 913630 303118
374 20681 7 574991 720097 145106
226 20646 8 922536 977098 54562
137 20635 7 708957 755738 46781
606 20615 7 601193 868606 267413
249 20647 8 556735 789715 232980
160 20613 7 738451 779421 40970
42 20633 7 705417 804831 99414
118 20684 7 613283 777539 164256
201 20614 7 598828 819765 220937
69 20585 7 551133 736689 185556
434 20608 8 614213 811505 197292
278 20521 8 661415 815458 154043
98 20574 9 632962 716074 83112
326 20692 7 832228 833959 1731
198 20549 7 598907 770434 171527
427 20617 7 675812 814287 138475
242 20624 8 628179 698721 70542
220 20588 8 642006 803390 161384
445 20611 7 691059 868636 177577
240 20543 8 628106 750356 122250
437 20529 7 563296 767154 203858
129 20650 8 644285 874878 230593
274 20594 7 572861 749292 176431
106 20429 7 688308 722281 33973
212 20551 7 613159 835214 222055
128 20669 7 840365 881264 40899
356 20658 7 626840 764065 137225
267 20717 8 628650 760442 131792
113 20703 7 631977 753544 121567
36 20720 7 630740 756583 125843
197 20522 7 572132 719708 147576
441 20610 7 663006 783285 120279
476 20513 8 624895 724645 99750
484 20719 9 554952 765796 210844
364 20597 7 563809 768826 205017
225 20677 8 566883 757562 190679
92 20724 7 669516 740415 70899
248 20519 9 615720 750639 134919
498 20966 7 712798 792775 79977
309 21028 9 680333 817588 137255
162 21032 7 583346 746401 163055
372 20935 8 801010 871879 70869
408 20795 7 726431 1080226 353795
501 21037 7 717699 774232 56533
207 20975 7 567063 819560 252497
267 20948 9 637175 707777 70602
149 20987 8 699215 773951 74736
280 20886 7 686493 794891 108398
274 21010 9 613773 820340 206567
339 20889 7 795134 811416 16282
109 20798 7 792531 799381 6850
357 20845 8 750374 770334 19960
138 20945 7 556960 734903 177943
625 20919 7 725624 733650 8026
388 21032 7 548936 963677 414741
400 20902 7 675629 797791 122162
330 20980 7 587040 672839 85799
60 21146 8 647782 810344 162562
465 20972 7 605998 738246 132248
296 20929 7 632343 764976 132633
367 21007 7 667317 849281 181964
244 20896 7 669808 829076 159268
330 20951 7 718239 780605 62366
127 20962 8 653906 812611 158705
301 20960 7 663565 905825 242260
156 21002 9 703166 840603 137437
440 20974 8 721696 843795 122099
112 21017 8 590423 723727 133304
520 20897 7 590490 815449 224959
267 20905 8 548966 749787 200821
450 20953 7 563913 833297 269384
141 21147 8 712524 924694 212170
372 21088 7 555921 795185 239264
198 20825 6 621784 839315 217531
334 20955 10 647225 729372 82147
275 20855 7 620520 741411 120891
48 21013 8 601544 733293 131749
278 20937 8 804904 929431 124527
206 21041 7 659351 817233 157882
588 20896 9 600257 742396 142139
480 20902 8 778171 825110 46939
521 20997 7 625226 770856 145630
84 20919 8 840957 900402 59445
321 21082 7 586451 734880 148429
377 21104 7 581690 808723 227033
119 20986 7 627086 847749 220663
390 21015 8 678118 770152 92034
131 20882 8 644243 716076 71833
768 21269 7 605863 761284 155421
484 21321 7 701933 746465 44532
193 21322 8 624529 755259 130730
309 21259 7 764269 851153 86884
414 21355 8 599791 814662 214871
121 21352 7 718172 889759 171587
320 21366 8 773926 826975 53049
301 21182 7 631723 706354 74631
643 21332 8 601726 888684 286958
258 21298 8 839228 942238 103010
421 21392 8 709988 832118 122130
371 21316 8 720903 770327 49424
32 21227 8 624260 734444 110184
298 21256 8 740674 780431 39757
138 21334 9 636921 953133 316212
575 21271 7 765046 816464 51418
514 21239 8 723008 800087 77079
229 21300 7 662162 705677 43515
288 21453 8 694776 878380 183604
346 21451 7 677516 945273 267757
372 21412 9 744708 762979 18271
394 21214 8 627257 870798 243541
152 21360 8 689492 757676 68184
394 21409 6 634340 806264 171924
168 21309 7 664753 890144 225391
158 21290 7 742737 875103 132366
100 21373 8 626989 851206 224217
369 21215 7 735818 923008 187190
329 21289 8 642130 805608 163478
694 21268 7 678883 785486 106603
169 21348 8 655896 709619 53723
166 21345 8 703829 949921 246092
179 21296 7 744684 778675 33991
351 21379 7 622359 807787 185428
222 21347 8 586867 855033 268166
287 21351 7 629376 856814 227438
584 21319 7 676570 888961 212391
153 21492 8 650858 895546 244688
394 21317 7 650048 826150 176102
146 21280 7 704101 805754 101653
222 21247 8 767494 887331 119837
101 21414 8 697712 828924 131212
329 21375 7 674325 799783 125458
141 21223 9 746104 815189 69085
329 21359 7 611953 772209 160256
375 21345 8 662240 853684 191444
849 21188 8 691138 867619 176481
328 21367 8 676631 808166 131535
156 21397 8 814194 888501 74307
403 21251 8 662654 1033811 371157
116 21702 7 641324 776405 135081
468 21796 7 912314 923134 10820
227 21687 7 690293 829861 139568
273 21787 7 770771 882188 111417
167 21685 7 686527 1011026 324499
409 21693 8 618800 734397 115597
104 21705 8 600598 901457 300859
602 21693 8 748486 804920 56434
398 21888 7 719936 881287 161351
234 21821 8 664429 883845 219416
325 21734 7 647143 751521 104378
295 21852 7 600732 740095 139363
122 21811 8 773969 837916 63947
391 21627 8 793693 829886 36193
93 21679 7 629631 796845 167214
344 21674 7 681153 809612 128459
137 21742 8 611825 909848 298023
375 21730 8 697589 828732 131143
158 21655 8 600704 705039 104335
516 21724 7 656582 769999 113417
41 21774 9 622731 812736 190005
195 21769 8 604780 763975 159195
784 21761 7 553729 836855 283126
302 21746 7 589119 826982 237863
456 21780 7 681733 880422 198689
361 21744 7 747948 766816 18868
426 21826 7 664384 821908 157524
362 21658 8 599999 945490 345491
280 21615 7 682777 817138 134361
423 21694 7 711639 793107 81468
315 21742 7 666226 945415 279189
184 21676 9 695509 803325 107816
274 21652 7 675230 756756 81526
343 21714 7 593166 754719 161553
302 21790 10 585371 858091 272720
142 21720 8 743584 772888 29304
418 21792 8 644627 826048 181421
198 21662 7 755654 797011 41357
169 21651 7 635654 728295 92641
234 21697 7 683010 1017920 334910
395 21806 8 734175 817575 83400
462 21893 7 795770 839659 43889
118 21722 8 634550 785016 150466
378 21712 7 752907 791506 38599
227 21651 7 713253 827815 114562
288 21735 8 713110 864197 151087
123 21726 7 827808 1026490 198682
344 21612 8 652697 760851 108154
892 21695 8 710959 873365 162406
504 21733 8 756078 816776 60698
112 21930 8 663363 958148 294785
471 22151 7 606664 826723 220059
136 22248 8 653405 895642 242237
226 22136 8 732086 785296 53210
551 22061 9 648766 742604 93838
469 22043 7 686179 848495 162316
473 22147 8 611423 794703 183280
122 21994 8 695365 839273 143908
499 22111 7 705877 822913 117036
238 21959 7 701518 840323 138805
577 22187 8 784093 857297 73204
541 21925 8 608284 744657 136373
290 21965 7 663038 825908 162870
239 22028 7 619073 816579 197506
142 22072 8 722093 867547 145454
280 21970 7 661551 893846 232295
30 22073 8 656746 999021 342275
484 22087 8 600288 843004 242716
541 22085 8 627861 743667 115806
356 22032 7 696082 882465 186383
328 21987 7 731399 888633 157234
171 22235 7 613805 821085 207280
206 22050 8 887247 912711 25464
425 22153 7 842553 1212905 370352
129 22142 7 607746 830385 222639
615 22105 8 1063848 1160080 96232
345 22069 7 669398 793336 123938
289 22052 8 740189 915493 175304
408 22100 7 609462 1013442 403980
51 22078 8 701385 982975 281590
254 22014 7 637032 910368 273336
246 22170 7 685651 730986 45335
466 22002 8 690107 815297 125190
207 22095 8 640579 836140 195561
209 22037 8 665762 885798 220036
118 21995 7 601737 856893 255156
438 21925 8 595716 801720 206004
375 21893 7 732548 854607 122059
139 22003 7 676514 845645 169131
475 22178 7 635717 943272 307555
74 22004 7 624144 788683 164539
150 22160 7 728089 793410 65321
468 22018 8 628549 833396 204847
102 22073 9 666758 779002 112244
86 22106 8 695806 853530 157724
127 22087 7 768999 827874 58875
530 22133 8 781053 797422 16369
334 22026 8 795740 941979 146239
312 22082 7 697211 827563 130352
188 22059 8 719133 855577 136444
