43317 42702 3293 59104 2585 7013 45667 61661 56235 1897 14025 8467 333 9879 74294 2713 2207 4050 3089 299 3223 9657 23616 6490 12430 57656 3106 3909 24219 3868 1097 13254 3512 10100 2871 24723 14522 9404 7484 2643 20978 1353 17352 750 33842 15364 9284 8333 8531 6000 
747291 360806 462414 150068 323290 286137 59395 9846 10460 11044 252186 83678 149192 32425 5354 857323 1632 107781 112364 145875 30275 20256 112249 242472 312541 192092 560265 283016 270742 104266 34800 42566 89534 258523 13361 24852 92117 44901 62485 127304 52815 33400 230034 7959 161987 122328 174471 68793 2515 58954 
149710 164576 1047165 150529 406214 128852 83490 441836 389330 336844 173604 308084 805008 428251 84285 215732 73137 587244 899373 4898 284757 300025 213865 335376 3429732 74268 518728 427117 111437 864209 297491 1543821 321732 80540 506978 555041 62199 299740 103441 748142 49781 461905 234482 204731 499867 909503 505890 91562 57805 432466 
1746997 165158 314594 3836890 2627663 1018088 115171 89800 422577 1948219 370048 3122954 4807406 858251 1610343 1195410 799360 199987 58942 289978 1211231 967673 951264 949499 121279 1176606 516829 211883 1205668 857035 4606531 650115 1402013 969843 4278718 1063941 3239057 387218 1299368 1683026 1749629 1707559 2871291 1438192 243621 279286 25064 1250744 116365 1195330 
1074777 797019 691531 3301528 413141 4731733 5377272 1474309 1414947 1633357 4175644 5326427 3529592 256812 1418594 2907661 897387 2071700 72506 84187 2223397 1881991 258376 2926437 408160 410720 647676 2316080 515188 1119037 145725 10607619 228250 2864282 2817236 4423362 1317593 1152767 124572 2779017 1954177 50927 782268 2533169 1661244 4601981 1919901 554789 453929 455432 
3353347 173720 1380856 7071964 1156232 6887567 2099835 12711141 1854898 376111 3206334 2577407 1085919 2443317 1502717 8097204 1793645 2621897 1737969 4543421 1277363 1390867 817705 1569574 236652 15009794 1206055 4687163 900291 5207092 2499391 5448389 4899377 6161721 10638273 2503834 2350494 2707472 2555777 6465757 11020232 2571004 3535125 6412243 977368 5151011 555607 8149753 482977 581288 
25875393 4660587 16131715 12472778 2157266 8227784 1288913 1699857 6492048 230812 25609138 3082526 11128941 3971497 3255024 325027 366876 593489 20876659 3646955 8489272 3003157 6367060 8472981 1636120 2236965 1219282 3195112 3178359 2181548 26878532 1232065 828046 1292518 2563853 310862 7796252 723069 309754 9542343 772547 5169539 1410159 5351146 18160608 966430 14407166 6875382 2737948 10725823 
6034649 19876853 9059278 7675695 10407521 4456312 27144278 8429665 23997677 4957542 802836 8715829 2388353 20186495 2555739 12961492 16327296 4859549 596950 17470512 5350584 13152126 3048109 248577 727573 89567 2493389 4733676 19119688 2845404 4604885 1367362 277156 1033437 13361726 725964 3266069 3009237 11743238 15885229 5568517 8408304 16488379 1463083 5122891 434751 2100558 2185946 49052229 224525 
601523 2270917 807199 9592000 13221684 19994059 4167378 3770346 385478 13382698 614819 1161895 24456299 23392943 7352933 20895442 10119496 9988904 33391025 20707081 13897405 681685 8008795 14644105 9520278 25104017 468975 40795353 28796791 2665549 23014198 10664562 10630443 49166977 2596321 9422472 852532 857256 21098329 26063496 13602434 6492609 9600797 27096711 2600059 5216088 21710597 49135227 2362491 9003797 
10104721 12699541 34194571 17622723 2545015 9172996 29092129 46470148 74842021 8448020 1928749 18621865 16905887 19536656 4116788 48414761 53762090 11613734 3977776 15038048 226112 6889093 3380520 17614674 4047566 10569294 27887517 32930078 12867761 48626397 48801698 3155739 14789658 14817188 17048023 3999831 22296825 2806921 40233197 78608468 8980410 72873334 4432261 54491758 26790603 1106818 1022900 28457770 2187840 4250793 
6153765 11087503 27313608 33789118 6638738 9407448 28570569 21608991 12790000 1513208 6500670 14076447 44012072 22307689 9362238 287878 5999235 1760516 25805549 44662199 22558472 27778128 13461564 36918172 59862046 12594887 39057543 6064505 13047499 34084211 23046953 5774185 16387770 89610834 40891689 7715736 47597289 7204791 32489601 21399367 14121157 45727270 21917075 14901856 21152209 8611275 4454458 1574844 6340473 76324386 
63529812 43173162 25464679 23145391 4518725 49335542 25291395 4448245 9985564 431308 30644295 142789192 45968569 1663578 64205989 31952514 96940085 18283958 31329330 19591199 10697052 191375 71149903 8594798 78681993 2069109 19567230 12587721 19851141 4899804 12083185 22791070 35557396 17634728 2091600 11976194 29381274 50993114 14851354 4772994 11438132 41624397 1567443 50713729 30094471 7453301 40749052 11301990 33040858 10155713 
