17745 40484 42794 48283 27307 16723 47254 19864 12545 14390 1814 16607 43506 7607 9672 5585 17823 56770 26620 8120 4210 8234 18394 1364 520 404 2997 10403 5412 30829 7040 19249 32388 26452 429 26267 384 15478 52561 3203 4035 28027 2083 493 50985 5964 3401 23988 35072 16099 
13000 100914 25514 242536 102851 86321 7412 18047 4584 7414 1873 481400 136191 26406 343145 25722 72142 305987 65088 105231 266424 367517 289585 203122 240354 41033 148131 13795 213912 194163 250620 193805 362442 79479 97106 33763 241887 69431 301701 156143 92988 278845 214255 112460 306809 422005 172110 2891 16826 154612 
789155 24611 12852 222519 731734 700420 268976 84291 965739 541241 1602724 414741 1132772 306277 84116 216099 131185 434184 2924702 387989 648760 269988 586766 466617 285425 489687 51723 272504 222492 349606 235948 259549 514147 685236 2731 184752 116908 60852 266998 9403 841637 342287 139765 661786 2198069 14765 906557 548731 1422381 91515 
1163599 194570 968451 166122 64809 2022632 602084 59526 363523 2464945 557971 3034516 2508080 1465151 674942 142785 1201450 3223423 58791 1418592 4572 109946 657054 124477 476960 653067 581191 1934899 706365 1983117 361575 2519704 486250 2589026 145906 644105 661258 917136 2111456 586384 2302767 130850 284671 523603 1023808 1422810 269542 250862 2977721 178038 
2795783 851434 890647 2732599 2265216 4292154 1684479 465431 885121 1055155 473504 1872176 116371 1311190 5951111 79596 660940 1588046 11978200 441614 739187 2008144 3298621 2069583 3533821 5881034 2789038 2972602 17212295 4981150 106709 561090 1067414 654290 120128 96741 29549 1277562 2591825 3506525 1525690 4792971 2546070 3489903 5862082 1862628 157556 97766 198186 1258559 
6900711 12256150 4554042 3833454 5433153 1125243 452558 5314954 1329684 3501519 308051 1200523 1676361 1651175 34689 6035716 3303159 8386173 4725858 2513718 7151067 3917052 483809 5852672 7935810 397855 2968264 2468496 9480112 1268683 1084314 1235629 2584854 129072 646504 4926974 3285270 5020077 13067316 3330579 3593492 4742400 2878076 229824 781911 737478 2094502 3480845 4467063 13617776 
3326986 9671046 4351638 1258982 2670996 1851549 3930649 430034 453815 8382077 14440747 2000647 5340593 6401618 3326150 3322024 4175111 4929279 15356093 10516923 19051596 1841930 5227836 3253536 2600356 3672882 112342 222155 916939 1628606 2490044 2504359 4302387 1781391 6185095 4706769 2597379 4685879 15589253 1321025 4090480 5936591 261101 13045086 322533 2884104 9766245 1325402 9719331 7439255 
5929251 16298830 1546063 5186758 3152559 1786816 6141122 9841203 2670319 8259003 7297157 9725722 7042869 23971560 2583104 5438036 9022703 2565405 6104640 9788823 19722900 340684 15938047 2773533 14229822 6659038 3407394 2197083 3460101 6126961 1998766 7839845 4287244 16316797 22858648 8244570 17819778 1347544 49635672 6254759 16333293 18175444 51084231 11372822 6647918 7602667 1954627 54012846 11973611 5676809 
11608954 332824 1970098 1205737 9025024 18487341 28349447 21668240 7498654 9364748 12748283 28106723 1939081 4174965 5393614 8322836 16367874 5173385 409964 1101804 13695504 19550925 49857323 105587 6501073 25205 6968942 15389436 1855433 4409675 3563963 1959056 28939482 10040407 15082967 11181851 18923007 10664378 35917452 27484703 42703427 82770 7922571 13020902 17589361 14070430 2670793 526212 1372335 37010100 
27083718 13967913 8801520 5819053 15091247 11457053 42647903 15754681 27850984 13715069 3427196 25218453 35423657 1178694 387572 31966193 5963515 295792 53268709 30574246 24263599 21874475 49415842 25532787 26370257 9630509 10846956 936070 27518517 12080883 7867846 36990343 31181452 68531642 26584157 16235800 2712231 51352466 3758541 13705364 21062536 14154119 3945206 11751206 10780122 21021517 10974312 40385918 11351930 9491982 
302678 119632783 21525977 6470302 8082559 10432465 6068360 16623751 2084273 7048888 3867645 16158950 18764441 10745262 47662698 16058822 61466 41510402 54980241 35274118 64826738 93289673 26095756 30785125 20828221 35546338 10653752 26145416 7651153 7366707 48159640 20349831 36786237 9871552 55298394 78838371 16775020 30012619 21719004 11278734 55965127 7029807 6653100 11161002 7535126 39823237 16231853 25816885 57384504 4756295 
483049 37176720 24406 10705936 9720479 4653649 83308594 39743500 10996950 22415482 28457380 8474671 40304135 11526859 9559232 661796 2284693 79454235 12032364 17547895 28565216 22929688 37972153 17570391 15394101 48573222 33400872 50294618 32244744 12740629 3689267 11955856 7197382 32757613 16378011 57940497 185380124 32001991 72453577 2149555 64590276 6752486 11744477 43744493 28160043 3498132 8552697 80622287 53296730 23151203 
50396345 2288770 44190479 15074626 66683933 14933818 34845750 22662680 2369094 185888405 91965246 12110015 31056799 58772218 15641945 17492285 43334183 15507734 13101156 25608748 1227306 12917321 2061747 18388600 95708347 432914518 69595965 1577251 24460711 18483106 94139342 118913210 31944246 21262878 30438888 10427712 17190815 37937000 151824323 12807347 98059663 47870526 42828008 124473453 23399054 33899208 9095612 18753187 9143460 124218963 
9148018 29184075 153466317 1486911 21919449 14391967 34980959 9903669 25261783 9435965 41992884 8430887 79611893 15420553 58450591 14683568 11598264 26460128 174624224 73787304 33500809 37557738 12672301 55172557 8778398 61539730 4266911 43519020 23464452 70396721 39119887 23938616 55698410 98634850 20916967 24359380 47202227 37973972 11584403 103387188 134143463 13480811 2914191 14072185 20419811 147495290 89795228 107334554 8386717 45052126 
54304864 34650837 59557813 21903640 249040313 17799003 33937059 46753955 9811823 14903143 39388273 96963647 17723049 22820994 105066590 58442301 7365869 49416225 11763004 23585022 43619051 1417021 69003879 35070913 42710426 145897514 34002677 34526294 18827692 56113537 53354580 4127269 84876627 20671327 26595639 50348355 250006101 76160819 87913260 11451667 84833857 76064486 32246267 11405215 73098500 41261607 19338847 5068675 230357834 146728302 
104908714 37916616 162860604 32688712 26794486 96736209 119854021 77553392 26920711 131625023 121456839 16416576 514778961 8732147 64704351 68768447 48182006 61058438 49231775 59684109 16846159 115984300 3397623 56034424 135023936 88178606 102034556 44650856 116799514 26243295 120501999 11848820 41800052 100522648 88688870 131656449 3172400 109938896 43470127 26294894 46821266 2290307 12345954 167770317 45819514 78243618 81638484 26572525 100084765 14820066 
10857242 113767382 25766218 32972959 5702783 157770365 3618908 94160 52536170 180994075 45540168 76169254 59223458 19738264 25987919 137028371 40843634 124803785 39280110 67552010 29537264 17211308 59560564 72253984 21529374 69788338 57529051 23644964 721562 71721578 96663286 28535460 135295509 31108622 222580133 435026941 180785602 83228876 128725837 6573979 942091 2662187 292171188 885712 11143421 87180670 31704711 8650905 22382062 59090280 
34248238 99383099 199514898 145334608 18975384 97002318 13481081 93342480 172687822 14800992 38467117 190898707 194309859 127179135 210375163 78110674 179932068 11245675 174027516 80098356 43141188 18001867 62452160 10013565 108592004 36393723 42724707 60681440 374226369 311779919 168776610 651675726 115587981 16830750 118840574 78625921 80929733 18123656 2949465 24487936 95822690 312815493 102032853 44203621 43571653 167423809 5241526 1152181 404436897 191861864 
55555903 70226269 60918146 86843917 194374200 272540213 70469427 115074483 33126730 387044384 59523062 127187472 29068873 50070235 117327572 44328105 253834293 129789435 58174950 129098650 33687547 39842829 59873910 199466944 321291306 613647140 14091646 150223699 9543686 5408591 156951012 147661254 167428722 42251006 186153570 52385168 122768883 62673318 43717959 3964466 278686290 59786691 86152899 41339228 76933480 77404907 42620127 79928723 26155331 93006483 
221046666 23362050 274346976 66332270 147197540 210839573 18340746 69005741 102628862 143595476 377570798 10963424 20136995 54333733 15258659 100339938 238205196 85199759 77580547 82660878 296844024 211007200 29801794 270193172 87021523 79242335 15969991 524019485 122095221 74724948 4056733 26489993 12582955 17808648 66549815 117339005 75080428 25945540 550291619 127925710 314645224 119357955 116191696 126914823 115939164 114469906 157275793 98678195 91671100 264971594 
116163392 445924710 133487242 5547202 206754019 144677763 192108559 9201658 29077726 98252237 136352428 43713023 51450391 262244479 32460783 5041594 587397357 480091203 202406622 29562671 58984690 19194945 45748901 31905910 7501753 3205432 770042420 47577011 129208637 120990787 44293669 466801883 27213310 59201691 193069177 13599950 42282940 49202713 73836774 103025873 1518158 168459567 382030166 350757849 96402430 57527897 139779174 480477 373826371 143313880 
769649065 138410173 233882994 34991025 380532214 179077737 44862574 221734814 107607874 95784212 258670169 153865263 451188159 88330057 108337601 104755879 59554060 28756418 47005794 140190757 424306133 103922124 299824094 2368870 252307288 149297840 301262986 555770595 73012320 87137783 129462628 42473180 68210036 179815673 121854506 484645209 177649366 103032869 45686345 66055567 39929090 137947940 423493259 503719131 15118081 159401785 242573234 638955336 92992936 134887761 
40499799 7939489 338886752 737919263 250965263 589478146 581517473 73941986 137529907 35365778 152941651 300586904 396954388 68705040 438715194 128351711 208669050 30382990 147646554 306556160 89079219 323066732 106879861 80663190 95591543 524709537 1245884 60858092 331115286 131688598 164659809 236101836 146664533 357329237 363915473 241256410 295865871 518040864 231470064 126928963 3892623 59678412 262059170 259092017 84279508 194942579 171455935 241509472 104616179 71249062 
111235217 372257576 179038464 425861055 282856298 197013162 8372676 98654680 173538693 162789702 119017071 346985852 107845142 200090580 14671098 129325564 131452476 85175947 80247540 110227516 145855484 162202503 155055694 178844117 37288618 41839902 530678419 204314192 91850074 344938352 106280133 86277584 322831449 82510760 195960682 72984668 127767666 31775489 70614503 5688879 150522422 333011089 74243396 914466572 719080411 10724246 746771788 17122102 265429348 198847618 
53739626 79956045 12086568 571441720 32025184 186131865 703737235 240179818 52246217 656847697 314080516 247497526 233445536 59758685 92382565 94782946 181998207 1050407207 131099754 94182294 86150930 173802361 417256406 54640611 533374648 904435721 1221769665 431743531 62421743 16533382 1183545877 956074981 270644928 141615652 10772315 238328652 45120669 290049753 204415987 183081468 769168502 615506861 74476166 102854414 127807573 69723219 57714756 272779119 325131593 512055431 
226647990 358067590 410704315 175049191 1418255439 112410707 166199713 410730007 600107362 963334638 162151150 158779143 489262454 168292383 406184957 12530437 261147807 441601303 72765647 288791140 18010042 77580616 11446553 39290358 356799867 68115435 190964967 195188308 254212786 672739779 1809041571 404825338 105842873 453283695 90639255 69008021 331242719 172918205 422062501 310083736 1502624225 48296448 86666605 375071957 83795209 357822796 79138575 755504265 17182757 267886836 
171928723 177935004 312841358 11161011 1434757152 340010704 173262423 766069282 26086692 415329494 25874878 71725693 4508359 322096551 977254172 58461661 409979998 332482 2094620 74049601 203972198 131206418 719570707 12662390 1057817637 177325203 879312544 3130779 149327879 332685814 679313809 346962828 335288358 173180543 703327322 257238893 107345596 523121511 183760714 133501307 45114934 385674765 511523835 250435815 538963841 207574972 820114964 88472890 12869182 258335359 
249968647 638875067 464939274 1109828762 108615225 176335619 100252914 1294897903 1429654707 11579500 318468451 125366848 525240127 731673941 405630626 127031346 383826125 1298889827 473173768 55990657 414171436 190546715 727561918 184086702 500107829 696309363 4192517 70184463 163269472 48521126 1540919607 193605189 286714455 165452803 610151732 653154201 576819227 380940337 409907435 146933096 341942116 55706518 463798677 564554147 157774037 200372238 369418718 85224764 543078429 702417448 
314002595 61125698 6379155 470330980 129715950 446945888 1663451666 1298271691 212974376 153861614 339106263 611883047 281393032 317772575 402714955 581572136 129371928 345423178 8029427 262554373 172796965 138353803 1543531023 1498348511 227082351 1462469847 5786562 725165134 110064789 526291281 462002114 1018037450 156562961 277736230 2116426614 219698160 576375514 29630648 58504382 675959248 596243676 142636914 424959252 575446499 283867529 1287278 159552439 235987707 858815794 70829491 
875097849 1369833092 562050597 827597153 75191042 240057607 555943694 922869471 178268665 526807051 16026650 283743052 219901058 117591346 1422654694 590692322 66433351 2679462648 667047265 2226596059 724579178 348441316 5653773 186113040 1340888886 237329962 217457534 828527316 137733038 15391945 77943716 426173014 432632357 76712344 206745143 26899143 2520943249 195731229 750174107 89982302 78035536 228960421 1565641663 358505969 1232681324 364051864 203272665 545434124 1016864814 499000086 
64673527 1847763091 315655321 94187376 684355164 436540141 292593650 1624419116 57642467 70445223 1037315443 618337493 1220263962 196492936 128696683 498225996 259235146 2222594 303552406 957019210 923820990 511946870 240933446 390880467 67676393 920152315 23523437 8805639 143755995 755111377 935348711 591668483 1258156 2730928921 1137639378 314681088 1255920969 1626097807 163202877 119182905 807723453 82202648 30970024 2170425882 109632153 44971908 948711090 980529121 365503525 40671046 
951197705 926454877 1668296278 550711117 235489439 1110022264 1837004925 948483306 948975770 383522549 1003015174 496084539 787977277 73375183 588103910 1115795238 1225057717 383112154 370736126 187088049 1821416137 44029294 129117834 109707050 86454474 220585326 17552356 37151838 1265176264 100269639 736977291 1362573356 338480501 1488290550 191073360 355951483 439670255 128436714 64109044 2265749752 2057315580 468651423 705419993 770937928 176047296 338966911 558231397 193196548 4216462030 864186226 
387663885 3175905363 921801654 352201218 104336294 566930679 500879183 718737507 1918255380 156270465 1112315577 221946230 1152084151 159955703 1018916960 178821797 112369584 809757828 557426686 123579027 555992351 73222661 875811431 315010033 571139562 553273672 923428534 1210851397 533870488 837816201 47201921 3785896 887993908 703549035 98753095 1241373962 456988365 572524378 660862136 71851030 548196470 1040052039 2615714772 480502536 344696483 266249441 378570952 1202958751 451692778 645760230 
887228361 382715732 358103814 575312738 555475640 376002494 260053075 1858541200 115712994 355789383 474708884 506932706 1269897740 545182658 1049778580 210178419 525034912 1280846096 859727920 413111211 384514299 386840064 798533162 338626086 290681957 124670517 927134135 1515924802 724285309 1023130906 899335831 2295021300 37091267 238904366 14791669 1307452687 873566546 582934471 391709740 259473741 168300384 1814514730 195954792 909078677 32583153 63894318 77210287 2604101540 665954350 1341476925 
1140972860 592718035 527599714 352610949 537310895 742207106 184582579 770572411 1569488657 27024332 1567739194 1355449937 1366055760 417639063 314727138 1559537180 279372350 11867122 1073756089 503266932 1080219739 1003446939 46744493 337446202 565741976 564158047 23535784 743306295 1216000992 452023093 984779849 47784622 1184381482 4649177466 8485545 2844719757 390600733 343690192 297966673 96956852 6709479 511194449 523977039 175002471 2217695199 572521542 835371889 213013112 181410262 1314561820 
353465994 75298174 583008445 73561245 90433092 1076252257 963725973 1501531934 1098401535 1244173910 405523162 28076283 235008739 830204616 61624891 190533377 1975758136 1987071399 557906747 205801119 81939644 970678582 2565973425 1367385436 614696681 271835236 196643905 1348815277 1696439942 1185236607 242557188 1291363915 714625871 1117695591 1107064381 424864180 371144070 1351005189 146521041 688398638 313162241 645541633 1346880788 322995252 589609378 1071833469 908254159 124147499 793215890 124441087 
58090317 1904494135 323880794 24755129 564562996 1253101584 1680470120 321721385 126638051 25314494 251514891 2488450530 484430870 128572328 244302981 305795046 468187354 63936281 317996718 738312244 1090751595 1721318255 3824103857 380041617 467836208 157059105 237693494 252625765 1327560477 541774393 33936234 889901520 437821680 552478077 109065069 676396765 211389987 12976640 864542732 1619345495 911189969 1095144788 380433125 986455784 34062328 1864839782 2867873438 1780267743 2003904473 845520816 
3495964010 351817689 2560007103 454970000 941872008 304830115 214862825 587896355 83697489 2542224960 1891840599 2022103663 1880013385 1747957395 1096603144 4734130935 250031850 1721676541 713969850 353895872 227371336 2602807728 90070447 632360760 1704432804 1827977182 84531867 2138592425 273314764 218586058 1859197 936122542 735857951 7545896195 387604277 745808285 899770975 4315955588 1512342640 465523758 613822704 196805395 2213943692 933106858 2370220716 169233893 1494336468 1203737457 1740861432 161456240 
45622326 255699948 789362568 291688292 747757969 662054840 700910869 285864799 142035803 3715063891 71648259 144649030 1919853585 305354462 2548822717 458786807 317597494 205789212 194585337 1486339333 1878346429 1025962778 2529809849 159500131 1347178752 1477522134 497132238 1809280199 3518493386 1359906248 688250856 2097573967 199817322 1055967924 162562014 432732096 2551996925 1192828413 1037919504 593634352 448960982 1206291947 62075813 2600847119 2263158172 651411964 1818879195 730560857 2334390754 688569729 
2051131654 1392267903 96784023 5508144344 275624875 925848591 815958523 1736388457 165029335 963871046 1035482004 352840351 1286526 292382970 500057923 2338262941 3148428393 614460146 394740604 422433089 1275839027 4340226391 1249542128 1509335970 22764377 398728791 3597796710 380660196 109361029 931042478 645718775 316607958 1806360710 1146827186 611869300 1148511237 5706598088 743235023 2617484130 133824697 873996188 819203351 1610930181 3973998720 482270567 778042877 486096489 976927692 970263431 307956744 
