48824 8927 33966 28940 6259 49332 56551 8101 28693 16416 46570 7548 4709 15400 20664 1568 13008 6649 28109 1148 874 16478 20904 9511 3517 20051 6671 14146 58004 33873 22178 26052 16164 33326 23221 19330 2857 48061 9898 20410 60341 65432 2447 629 33265 63056 26640 8391 64026 23068 
42590 48359 141754 1936 42974 35157 12077 12434 68736 87220 447141 96771 295448 76764 361332 161222 55997 32335 34244 18579 107829 9372 19432 191692 26857 129677 307047 134562 132416 213107 167906 147376 95033 94532 62997 289859 265255 157645 129085 420296 102888 204874 222944 100179 12227 399200 6373 6246 56780 185421 
1970608 66297 81183 631796 267795 1471427 704746 1160338 1043577 307899 326383 947130 712515 310558 423208 868065 492837 469700 214970 231648 1442610 235622 103570 419920 622696 373701 1632505 469659 1252915 294407 1672625 41079 301387 98937 473560 304888 278707 1116513 97507 140491 79034 451934 714119 74168 626670 288207 175472 436192 288721 85251 
48998 3987270 176664 1596482 326029 473939 634080 353578 870235 2586420 485096 60965 1079221 2376765 309154 2793954 2968922 1102140 1147790 1087276 649093 115452 203343 1287947 3019749 81791 1446595 1610603 5604765 1010847 45785 2178735 706690 1238508 2491306 369508 292200 786842 185204 2395901 172243 562233 755176 649380 505328 2225907 1433384 1901254 729654 44123 
1549726 969102 723408 65619 3319364 261632 8592524 7206223 204468 1715877 1894392 5963530 53357 1976635 224938 1695028 3541383 631565 2487855 3165605 30919 2928463 132336 4168191 2177611 2170234 706335 828741 2960177 178531 1206062 30807 3398210 671270 2691298 1789381 1399418 457724 559786 377386 3802154 1450818 931201 1312909 115719 411225 1781009 656504 2822491 209618 
5533630 414095 1773430 3581775 1118650 2814317 1020205 687906 992193 3875527 577265 340281 3771069 483523 80525 3893815 4613255 3029031 6644266 1826244 6927825 4024790 1236249 2782232 2457167 1231144 4860227 1220949 6264791 6503774 558284 14799770 3232861 132906 350296 7310974 1341942 1363536 1043461 266407 3175267 3440516 3667133 2591766 3010580 5131271 10470 2404493 3265903 7642816 
3715785 2894607 4373129 782932 369376 2398012 1922572 1329367 9220199 33027619 11881525 7715630 733355 9516356 6978127 5638524 4057149 5379719 2233017 10802137 10672406 559069 117678 11569806 3892523 5085253 611142 374531 1773404 19167255 1196770 8056620 4717921 5315170 807968 1579311 429083 2336716 1118514 3679392 1948571 3338696 1302549 3207350 8051332 1959073 7024269 1327626 463554 11749990 
16412987 32695968 9445827 11178058 22119400 3096667 42661541 7979121 5110043 30115112 21749630 5513727 2175305 4049846 1117496 5692264 8240499 2891763 1752992 5508716 19926855 40537524 1852055 14895423 2624215 944833 12107077 1197246 26696190 5242792 6947329 9653269 36939001 6852396 19759388 902116 3243373 6673026 3262400 5542942 13176648 3999105 9427090 4829867 17716275 5709791 2182746 1255936 5706441 12489191 
4472598 3718935 10283349 6984351 3140046 38837462 7546354 4340582 2581802 8274497 55174859 13659283 20368939 6559489 5954241 946973 6752972 118625 4321249 12977301 7434238 10874517 7826237 4095869 6689924 27956038 16414673 451737 12293033 2992178 6775447 3330471 13279170 16439597 5890114 30531791 21087679 32871698 12548610 2050946 7781379 24993863 5200404 2816669 7310102 26322247 27673602 15068999 2191172 15406394 
5769331 3247579 24384591 2778105 11854326 2255677 17333435 15642729 38919983 5428823 2281738 15051919 13480846 107331368 15164771 2962159 81959177 19157376 5112916 18798985 4078707 17790067 6726146 32122043 14749310 9292926 23571828 53329406 19172405 39920276 41319223 23575338 14769974 19886051 3518298 6218482 13468023 79151117 23324006 5292362 20870736 19586290 6323876 2041165 15288864 12288718 34260905 5037475 20680969 13246721 
13470346 14855825 9183277 96418347 75622112 51639000 25441683 19746123 56699113 10120052 44768297 24070486 8504985 20249551 2014536 27700506 14571651 22177730 9856070 23428769 67244436 43623029 34957686 37869447 2003749 54336501 69224290 7801041 25403624 43647524 4931104 18142931 58135960 9308459 12094736 10045100 54217577 15202175 85142437 10373173 209785 8416868 19114715 13142741 30561122 82459589 50311992 18441214 84125933 26453009 
24976700 49765763 115313508 33868832 33129055 86731992 12584883 91296320 45213505 18359351 5534126 19423367 12804517 14925236 21577737 13019517 9236035 13022866 6519362 69497846 18657434 83432953 29430795 8552619 369773 16670122 37512554 39845497 60210468 52109737 22210741 14312438 4583101 124054564 12202526 8268688 82488656 26927326 28882681 44451193 12016877 42217032 12274911 12412603 61646018 67491576 18511164 49534957 11946404 32306010 
