17745 40484 42794 48283 27307 16723 47254 19864 12545 14390 1814 16607 43506 7607 9672 5585 17823 56770 26620 8120 4210 8234 18394 1364 520 404 2997 10403 5412 30829 7040 19249 32388 26452 429 26267 384 15478 52561 3203 4035 28027 2083 493 50985 5964 3401 23988 35072 16099 
13000 100914 25514 242536 102851 86321 7412 18047 4584 7414 1873 481400 136191 26406 343145 25722 72142 305987 65088 105231 266424 367517 289585 203122 240354 41033 148131 13795 213912 194163 250620 193805 362442 79479 97106 33763 241887 69431 301701 156143 92988 278845 214255 112460 306809 422005 172110 2891 16826 154612 
789155 24611 12852 222519 731734 700420 268976 84291 965739 541241 1602724 414741 1132772 306277 84116 216099 131185 434184 2924702 387989 648760 269988 586766 466617 285425 489687 51723 272504 222492 349606 235948 259549 514147 685236 2731 184752 116908 60852 266998 9403 841637 342287 139765 661786 2198069 14765 906557 548731 1422381 91515 
1163599 194570 968451 166122 64809 2022632 602084 59526 363523 2464945 557971 3034516 2508080 1465151 674942 142785 1201450 3223423 58791 1418592 4572 109946 657054 124477 476960 653067 581191 1934899 706365 1983117 361575 2519704 486250 2589026 145906 644105 661258 917136 2111456 586384 2302767 130850 284671 523603 1023808 1422810 269542 250862 2977721 178038 
2795783 851434 890647 2732599 2265216 4292154 1684479 465431 885121 1055155 473504 1872176 116371 1311190 5951111 79596 660940 1588046 11978200 441614 739187 2008144 3298621 2069583 3533821 5881034 2789038 2972602 17212295 4981150 106709 561090 1067414 654290 120128 96741 29549 1277562 2591825 3506525 1525690 4792971 2546070 3489903 5862082 1862628 157556 97766 198186 1258559 
6900711 12256150 4554042 3833454 5433153 1125243 452558 5314954 1329684 3501519 308051 1200523 1676361 1651175 34689 6035716 3303159 8386173 4725858 2513718 7151067 3917052 483809 5852672 7935810 397855 2968264 2468496 9480112 1268683 1084314 1235629 2584854 129072 646504 4926974 3285270 5020077 13067316 3330579 3593492 4742400 2878076 229824 781911 737478 2094502 3480845 4467063 13617776 
3326986 9671046 4351638 1258982 2670996 1851549 3930649 430034 453815 8382077 14440747 2000647 5340593 6401618 3326150 3322024 4175111 4929279 15356093 10516923 19051596 1841930 5227836 3253536 2600356 3672882 112342 222155 916939 1628606 2490044 2504359 4302387 1781391 6185095 4706769 2597379 4685879 15589253 1321025 4090480 5936591 261101 13045086 322533 2884104 9766245 1325402 9719331 7439255 
5929251 16298830 1546063 5186758 3152559 1786816 6141122 9841203 2670319 8259003 7297157 9725722 7042869 23971560 2583104 5438036 9022703 2565405 6104640 9788823 19722900 340684 15938047 2773533 14229822 6659038 3407394 2197083 3460101 6126961 1998766 7839845 4287244 16316797 22858648 8244570 17819778 1347544 49635672 6254759 16333293 18175444 51084231 11372822 6647918 7602667 1954627 54012846 11973611 5676809 
11608954 332824 1970098 1205737 9025024 18487341 28349447 21668240 7498654 9364748 12748283 28106723 1939081 4174965 5393614 8322836 16367874 5173385 409964 1101804 13695504 19550925 49857323 105587 6501073 25205 6968942 15389436 1855433 4409675 3563963 1959056 28939482 10040407 15082967 11181851 18923007 10664378 35917452 27484703 42703427 82770 7922571 13020902 17589361 14070430 2670793 526212 1372335 37010100 
27083718 13967913 8801520 5819053 15091247 11457053 42647903 15754681 27850984 13715069 3427196 25218453 35423657 1178694 387572 31966193 5963515 295792 53268709 30574246 24263599 21874475 49415842 25532787 26370257 9630509 10846956 936070 27518517 12080883 7867846 36990343 31181452 68531642 26584157 16235800 2712231 51352466 3758541 13705364 21062536 14154119 3945206 11751206 10780122 21021517 10974312 40385918 11351930 9491982 
302678 119632783 21525977 6470302 8082559 10432465 6068360 16623751 2084273 7048888 3867645 16158950 18764441 10745262 47662698 16058822 61466 41510402 54980241 35274118 64826738 93289673 26095756 30785125 20828221 35546338 10653752 26145416 7651153 7366707 48159640 20349831 36786237 9871552 55298394 78838371 16775020 30012619 21719004 11278734 55965127 7029807 6653100 11161002 7535126 39823237 16231853 25816885 57384504 4756295 
483049 37176720 24406 10705936 9720479 4653649 83308594 39743500 10996950 22415482 28457380 8474671 40304135 11526859 9559232 661796 2284693 79454235 12032364 17547895 28565216 22929688 37972153 17570391 15394101 48573222 33400872 50294618 32244744 12740629 3689267 11955856 7197382 32757613 16378011 57940497 185380124 32001991 72453577 2149555 64590276 6752486 11744477 43744493 28160043 3498132 8552697 80622287 53296730 23151203 
